second,idle_count,walking_count,total_count
0,0,0,0
1,0,0,0
2,0,0,0
3,0,0,0
4,0,0,0
5,0,0,0
6,0,0,0
7,0,0,0
8,3,0,3
9,3,0,3
10,3,0,3
11,3,0,3
12,3,0,3
13,3,0,3
14,3,0,3
15,3,0,3
16,3,0,3
17,3,0,3
18,3,0,3
19,3,0,3
20,3,0,3
21,3,0,3
22,3,0,3
23,3,0,3
24,3,0,3
25,3,0,3
26,3,0,3
27,3,0,3
28,3,0,3
29,3,0,3
30,3,0,3
31,3,0,3
32,3,0,3
33,3,0,3
34,3,0,3
35,3,0,3
36,3,0,3
37,3,0,3
38,3,0,3
39,3,0,3
40,3,0,3
41,4,0,4
42,4,0,4
43,4,0,4
44,4,0,4
45,4,0,4
46,4,0,4
47,4,0,4
48,4,0,4
49,4,0,4
50,4,0,4
51,4,0,4
52,4,0,4
53,4,0,4
54,4,0,4
55,4,0,4
56,4,0,4
57,4,0,4
58,4,0,4
59,4,0,4
60,4,0,4
61,4,0,4
62,4,0,4
63,4,0,4
64,4,0,4
65,4,0,4
66,4,0,4
67,4,0,4
68,4,0,4
69,4,0,4
70,4,0,4
71,4,0,4
72,4,0,4
73,4,0,4
74,4,0,4
75,4,0,4
76,4,0,4
77,4,0,4
78,5,0,5
79,5,0,5
80,5,0,5
81,5,0,5
82,5,0,5
83,5,0,5
84,5,0,5
85,5,0,5
86,5,0,5
87,5,0,5
88,5,0,5
89,5,0,5
90,4,0,4
91,5,0,5
92,5,0,5
93,4,0,4
94,4,0,4
95,4,0,4
96,5,0,5
97,5,0,5
98,5,0,5
99,5,0,5
100,5,0,5
101,5,0,5
102,5,0,5
103,6,0,6
104,6,0,6
105,6,0,6
106,6,0,6
107,6,0,6
108,6,0,6
109,6,0,6
110,6,0,6
111,6,0,6
112,6,0,6
113,6,0,6
114,5,0,5
115,5,0,5
116,5,0,5
117,5,0,5
118,5,0,5
119,5,0,5
120,5,0,5
121,5,0,5
122,5,0,5
123,5,0,5
124,5,0,5
125,5,0,5
126,5,0,5
127,5,0,5
128,6,0,6
129,6,0,6
130,6,0,6
131,6,0,6
132,6,0,6
133,6,0,6
134,6,0,6
135,6,0,6
136,6,0,6
137,6,0,6
138,6,0,6
139,6,0,6
140,6,0,6
141,6,0,6
142,5,0,5
143,5,0,5
144,5,0,5
145,5,0,5
146,5,0,5
147,5,0,5
148,5,0,5
149,5,0,5
150,5,0,5
151,5,0,5
152,5,0,5
153,5,0,5
154,5,0,5
155,5,0,5
156,5,0,5
157,5,0,5
158,5,0,5
159,5,0,5
160,5,0,5
161,5,0,5
162,5,0,5
163,5,0,5
164,5,0,5
165,4,0,4
166,5,0,5
167,5,0,5
168,5,0,5
169,5,0,5
170,5,0,5
171,5,0,5
172,5,0,5
173,5,0,5
174,6,0,6
175,6,0,6
176,6,0,6
177,6,0,6
178,6,0,6
179,6,0,6
180,6,0,6
181,6,0,6
182,6,0,6
183,6,0,6
184,6,0,6
185,6,0,6
186,6,0,6
187,6,0,6
188,6,0,6
189,6,0,6
190,7,0,7
191,7,0,7
192,7,0,7
193,7,0,7
194,7,0,7
195,7,0,7
196,7,0,7
197,7,0,7
198,7,0,7
199,7,0,7
200,7,0,7
201,7,0,7
202,7,0,7
203,7,0,7
204,7,0,7
205,7,0,7
206,7,0,7
207,7,0,7
208,7,0,7
209,7,0,7
210,7,0,7
211,7,0,7
212,7,0,7
213,7,0,7
214,7,0,7
215,7,0,7
216,7,0,7
217,7,0,7
218,6,0,6
219,6,0,6
220,5,0,5
221,5,0,5
222,5,0,5
223,6,0,6
224,6,0,6
225,5,0,5
226,5,0,5
227,5,0,5
228,6,0,6
229,6,0,6
230,6,0,6
231,6,0,6
232,6,0,6
233,6,0,6
234,6,0,6
235,6,0,6
236,6,0,6
237,6,0,6
238,6,0,6
239,6,0,6
240,6,0,6
241,6,0,6
242,6,0,6
243,6,0,6
244,7,0,7
245,6,0,6
246,6,0,6
247,6,0,6
248,6,0,6
249,6,0,6
250,6,0,6
251,6,0,6
252,6,0,6
253,6,0,6
254,6,0,6
255,6,0,6
256,6,0,6
257,6,0,6
258,6,0,6
259,6,0,6
260,6,0,6
261,6,0,6
262,6,0,6
263,6,0,6
264,6,0,6
265,6,0,6
266,6,0,6
267,6,0,6
268,6,0,6
269,6,0,6
270,6,0,6
271,6,0,6
272,6,0,6
273,6,0,6
274,6,0,6
275,6,0,6
276,6,0,6
277,6,0,6
278,6,0,6
279,6,0,6
280,6,0,6
281,6,0,6
282,6,0,6
283,7,0,7
284,7,0,7
285,9,0,9
286,8,0,8
287,8,0,8
288,8,0,8
289,8,0,8
290,8,0,8
291,8,0,8
292,8,0,8
293,8,0,8
294,8,0,8
295,8,0,8
296,8,0,8
297,9,0,9
298,9,0,9
299,9,0,9
300,9,0,9
301,10,0,10
302,10,0,10
303,10,0,10
304,10,0,10
305,10,0,10
306,10,0,10
307,10,0,10
308,10,0,10
309,10,0,10
310,10,0,10
311,10,0,10
312,10,0,10
313,10,0,10
314,10,0,10
315,9,0,9
316,10,0,10
317,10,0,10
318,10,0,10
319,10,0,10
320,10,0,10
321,10,0,10
322,10,0,10
323,10,0,10
324,10,0,10
325,10,0,10
326,11,0,11
327,11,0,11
328,11,0,11
329,11,0,11
330,11,0,11
331,11,0,11
332,11,0,11
333,11,0,11
334,11,0,11
335,11,0,11
336,11,0,11
337,11,0,11
338,11,0,11
339,11,0,11
340,11,0,11
341,11,0,11
342,11,0,11
343,11,0,11
344,11,0,11
345,11,0,11
346,11,0,11
347,11,0,11
348,11,0,11
349,11,0,11
350,11,0,11
351,11,0,11
352,11,0,11
353,11,0,11
354,11,0,11
355,11,0,11
356,10,0,10
357,10,0,10
358,10,0,10
359,10,0,10
360,10,0,10
361,10,0,10
362,10,0,10
363,10,0,10
364,10,0,10
365,10,0,10
366,10,0,10
367,11,0,11
368,11,0,11
369,11,0,11
370,11,0,11
371,11,0,11
372,11,0,11
373,11,0,11
374,10,0,10
375,10,0,10
376,10,0,10
377,10,0,10
378,10,0,10
379,10,0,10
380,10,0,10
381,10,0,10
382,10,0,10
383,10,0,10
384,10,0,10
385,10,0,10
386,10,0,10
387,10,0,10
388,10,0,10
389,10,0,10
390,10,0,10
391,10,0,10
392,10,0,10
393,10,0,10
394,10,0,10
395,10,0,10
396,10,0,10
397,10,0,10
398,10,0,10
399,10,0,10
400,10,0,10
401,10,0,10
402,10,0,10
403,10,0,10
404,10,0,10
405,9,0,9
406,9,0,9
407,9,0,9
408,9,0,9
409,9,0,9
410,9,0,9
411,9,0,9
412,9,0,9
413,9,0,9
414,9,0,9
415,9,0,9
416,9,0,9
417,9,0,9
418,9,0,9
419,9,0,9
420,9,0,9
421,10,0,10
422,10,0,10
423,11,0,11
424,11,0,11
425,11,0,11
426,11,0,11
427,12,0,12
428,12,0,12
429,12,0,12
430,12,0,12
431,12,0,12
432,11,0,11
433,11,0,11
434,11,0,11
435,11,0,11
436,11,0,11
437,11,0,11
438,11,0,11
439,12,0,12
440,12,0,12
441,12,0,12
442,12,0,12
443,12,0,12
444,12,0,12
445,12,0,12
446,11,0,11
447,11,0,11
448,11,0,11
449,11,0,11
450,11,0,11
451,11,0,11
452,11,0,11
453,11,0,11
454,11,0,11
455,11,0,11
456,10,0,10
457,10,0,10
458,10,0,10
459,10,0,10
460,10,0,10
461,10,0,10
462,10,0,10
463,10,0,10
464,10,0,10
465,10,0,10
466,10,0,10
467,10,0,10
468,10,0,10
469,10,0,10
470,10,0,10
471,10,0,10
472,10,0,10
473,9,0,9
474,9,0,9
475,9,0,9
476,9,0,9
477,9,0,9
478,9,0,9
479,9,0,9
480,9,0,9
481,9,0,9
482,9,0,9
483,9,0,9
484,11,0,11
485,11,0,11
486,11,0,11
487,11,0,11
488,11,0,11
489,11,0,11
490,11,0,11
491,11,0,11
492,11,0,11
493,10,0,10
494,10,0,10
495,10,0,10
496,10,0,10
497,9,0,9
498,9,0,9
499,9,0,9
500,10,0,10
501,10,0,10
502,10,0,10
503,10,0,10
504,10,0,10
505,10,0,10
506,10,0,10
507,10,0,10
508,10,0,10
509,10,0,10
510,11,0,11
511,12,0,12
512,12,0,12
513,12,0,12
514,13,0,13
515,13,0,13
516,13,0,13
517,13,0,13
518,13,0,13
519,13,0,13
520,12,0,12
521,12,0,12
522,12,0,12
523,12,0,12
524,12,0,12
525,12,0,12
526,12,0,12
527,12,0,12
528,12,0,12
529,12,0,12
530,12,0,12
531,12,0,12
532,12,0,12
533,12,0,12
534,12,0,12
535,12,0,12
536,12,0,12
537,12,0,12
538,12,0,12
539,12,0,12
540,12,0,12
541,12,0,12
542,12,0,12
543,12,0,12
544,12,0,12
545,12,0,12
546,12,0,12
547,12,0,12
548,12,0,12
549,12,0,12
550,12,0,12
551,12,0,12
552,12,0,12
553,12,0,12
554,12,0,12
555,12,0,12
556,12,0,12
557,11,0,11
558,11,0,11
559,11,0,11
560,11,0,11
561,11,0,11
562,11,0,11
563,11,0,11
564,10,0,10
565,10,0,10
566,10,0,10
567,10,0,10
568,10,0,10
569,10,0,10
570,10,0,10
571,10,0,10
572,10,0,10
573,10,0,10
574,10,0,10
575,10,0,10
576,10,0,10
577,10,0,10
578,10,0,10
579,10,0,10
580,10,0,10
581,10,0,10
582,10,0,10
583,10,0,10
584,10,0,10
585,10,0,10
586,10,0,10
587,10,0,10
588,10,0,10
589,10,0,10
590,10,0,10
591,10,0,10
592,10,0,10
593,10,0,10
594,10,0,10
595,10,0,10
596,10,0,10
597,10,0,10
598,10,0,10
599,10,0,10
600,10,0,10
601,10,0,10
602,10,0,10
603,9,0,9
604,9,0,9
605,9,0,9
606,8,0,8
607,8,0,8
608,8,0,8
609,8,0,8
610,8,0,8
611,8,0,8
612,8,0,8
613,8,0,8
614,8,0,8
615,9,0,9
616,9,0,9
617,9,0,9
618,9,0,9
619,9,0,9
620,9,0,9
621,9,0,9
622,8,0,8
623,8,0,8
624,8,0,8
625,8,0,8
626,8,0,8
627,8,0,8
628,8,0,8
629,8,0,8
630,8,0,8
631,8,0,8
632,8,0,8
633,8,0,8
634,8,0,8
635,8,0,8
636,8,0,8
637,8,0,8
638,7,0,7
639,7,0,7
640,7,0,7
641,7,0,7
642,7,0,7
643,7,0,7
644,7,0,7
645,7,0,7
646,7,0,7
647,7,0,7
648,7,0,7
649,7,0,7
650,7,0,7
651,7,0,7
652,7,0,7
653,7,0,7
654,7,0,7
655,7,0,7
656,7,0,7
657,7,0,7
658,7,0,7
659,7,0,7
660,7,0,7
661,7,0,7
662,7,0,7
663,7,0,7
664,7,0,7
665,7,0,7
666,7,0,7
667,7,0,7
668,7,0,7
669,7,0,7
670,7,0,7
671,7,0,7
672,7,0,7
673,7,0,7
674,6,0,6
675,6,0,6
676,6,0,6
677,6,0,6
678,6,0,6
679,6,0,6
680,6,0,6
681,6,0,6
682,6,0,6
683,6,0,6
684,6,0,6
685,6,0,6
686,6,0,6
687,6,0,6
688,6,0,6
689,5,0,5
690,5,0,5
691,5,0,5
692,5,0,5
693,5,0,5
694,5,0,5
695,5,0,5
696,6,0,6
697,6,0,6
698,6,0,6
699,6,0,6
700,6,0,6
701,6,0,6
702,6,0,6
703,6,0,6
704,6,0,6
705,6,0,6
706,6,0,6
707,6,0,6
708,7,0,7
709,7,0,7
710,7,0,7
711,7,0,7
712,7,0,7
713,7,0,7
714,7,0,7
715,7,0,7
716,7,0,7
717,7,0,7
718,7,0,7
719,7,0,7
720,7,0,7
721,7,0,7
722,7,0,7
723,7,0,7
724,7,0,7
725,7,0,7
726,7,0,7
727,7,0,7
728,7,0,7
729,7,0,7
730,6,0,6
731,6,0,6
732,7,0,7
733,7,0,7
734,7,0,7
735,7,0,7
736,8,0,8
737,8,0,8
738,8,0,8
739,8,0,8
740,7,0,7
741,7,0,7
742,7,0,7
743,7,0,7
744,7,0,7
745,7,0,7
746,7,0,7
747,7,0,7
748,7,0,7
749,7,0,7
750,7,0,7
751,7,0,7
752,7,0,7
753,7,0,7
754,7,0,7
755,7,0,7
756,7,0,7
757,7,0,7
758,7,0,7
759,7,0,7
760,7,0,7
761,7,0,7
762,7,0,7
763,7,0,7
764,7,0,7
765,7,0,7
766,7,0,7
767,7,0,7
768,7,0,7
769,7,0,7
770,7,0,7
771,7,0,7
772,7,0,7
773,7,0,7
774,7,0,7
775,7,0,7
776,7,0,7
777,7,0,7
778,7,0,7
779,7,0,7
780,7,0,7
781,7,0,7
782,7,0,7
783,7,0,7
784,7,0,7
785,7,0,7
786,7,0,7
787,7,0,7
788,7,0,7
789,7,0,7
790,7,0,7
791,7,0,7
792,7,0,7
793,7,0,7
794,7,0,7
795,7,0,7
796,7,0,7
797,7,0,7
798,6,0,6
799,6,0,6
800,6,0,6
801,6,0,6
802,5,0,5
803,6,0,6
804,6,0,6
805,6,0,6
806,6,0,6
807,6,0,6
808,6,0,6
809,6,0,6
810,6,0,6
811,6,0,6
812,5,0,5
813,5,0,5
814,5,0,5
815,5,0,5
816,5,0,5
817,4,0,4
818,4,0,4
819,4,0,4
820,4,0,4
821,4,0,4
822,4,0,4
823,3,0,3
824,3,0,3
825,3,0,3
826,3,0,3
827,3,0,3
828,3,0,3
829,3,0,3
830,3,0,3
831,3,0,3
832,3,0,3
833,3,0,3
834,4,0,4
835,4,0,4
836,4,0,4
837,4,0,4
838,4,0,4
839,4,0,4
840,4,0,4
841,4,0,4
842,4,0,4
843,3,0,3
844,3,0,3
845,3,0,3
846,3,0,3
847,3,0,3
848,3,0,3
849,3,0,3
850,3,0,3
851,3,0,3
852,3,0,3
853,3,0,3
854,3,0,3
855,3,0,3
856,3,0,3
857,3,0,3
858,4,0,4
859,4,0,4
860,4,0,4
861,4,0,4
862,4,0,4
863,4,0,4
864,4,0,4
865,4,0,4
866,4,0,4
867,4,0,4
868,4,0,4
869,4,0,4
870,5,0,5
871,5,0,5
872,5,0,5
873,5,0,5
874,5,0,5
875,5,0,5
876,5,0,5
877,5,0,5
878,5,0,5
879,4,0,4
880,4,0,4
881,4,0,4
882,4,0,4
883,4,0,4
884,4,0,4
885,4,0,4
886,4,0,4
887,4,0,4
888,5,0,5
889,5,0,5
890,5,0,5
891,5,0,5
892,5,0,5
893,5,0,5
894,5,0,5
895,6,0,6
896,6,0,6
897,6,0,6
898,6,0,6
899,6,0,6
900,6,0,6
901,6,0,6
902,6,0,6
903,6,0,6
904,7,0,7
905,7,0,7
906,7,0,7
907,7,0,7
908,7,0,7
909,7,0,7
910,7,0,7
911,7,0,7
912,7,0,7
913,7,0,7
914,7,0,7
915,7,0,7
916,7,0,7
917,7,0,7
918,7,0,7
919,7,0,7
920,7,0,7
921,7,0,7
922,7,0,7
923,8,0,8
924,8,0,8
925,8,0,8
926,7,0,7
927,7,0,7
928,7,0,7
929,7,0,7
930,8,0,8
931,8,0,8
932,8,0,8
933,8,0,8
934,8,0,8
935,8,0,8
936,8,0,8
937,8,0,8
938,8,0,8
939,8,0,8
940,8,0,8
941,8,0,8
942,8,0,8
943,8,0,8
944,8,0,8
945,8,0,8
946,8,0,8
947,8,0,8
948,8,0,8
949,8,0,8
950,8,0,8
951,8,0,8
952,8,0,8
953,8,0,8
954,8,0,8
955,8,0,8
956,8,0,8
957,8,0,8
958,8,0,8
959,8,0,8
960,8,0,8
961,8,0,8
962,8,0,8
963,8,0,8
964,8,0,8
965,8,0,8
966,8,0,8
967,8,0,8
968,8,0,8
969,8,0,8
970,7,0,7
971,7,0,7
972,7,0,7
973,7,0,7
974,7,0,7
975,7,0,7
976,7,0,7
977,6,0,6
978,6,0,6
979,6,0,6
980,6,0,6
981,5,0,5
982,5,0,5
983,5,0,5
984,5,0,5
985,4,0,4
986,4,0,4
987,4,0,4
988,5,0,5
989,5,0,5
990,6,0,6
991,6,0,6
992,7,0,7
993,7,0,7
994,7,0,7
995,7,0,7
996,6,0,6
997,6,0,6
998,6,0,6
999,6,0,6
1000,6,0,6
1001,6,0,6
1002,6,0,6
1003,6,0,6
1004,6,0,6
1005,7,0,7
1006,7,0,7
1007,7,0,7
1008,7,0,7
1009,7,0,7
1010,7,0,7
1011,7,0,7
1012,7,0,7
1013,7,0,7
1014,7,0,7
1015,7,0,7
1016,7,0,7
1017,7,0,7
1018,7,0,7
1019,7,0,7
1020,7,0,7
1021,7,0,7
1022,7,0,7
1023,7,0,7
1024,7,0,7
1025,7,0,7
1026,6,0,6
1027,6,0,6
1028,6,0,6
1029,6,0,6
1030,5,0,5
1031,5,0,5
1032,5,0,5
1033,5,0,5
1034,5,0,5
1035,5,0,5
1036,5,0,5
1037,5,0,5
1038,5,0,5
1039,5,0,5
1040,4,0,4
1041,4,0,4
1042,4,0,4
1043,4,0,4
1044,4,0,4
1045,4,0,4
1046,4,0,4
1047,4,0,4
1048,4,0,4
1049,4,0,4
1050,5,0,5
1051,5,0,5
1052,5,0,5
1053,4,0,4
1054,4,0,4
1055,4,0,4
1056,4,0,4
1057,4,0,4
1058,4,0,4
1059,4,0,4
1060,4,0,4
1061,4,0,4
1062,5,0,5
1063,5,0,5
1064,5,0,5
1065,5,0,5
1066,5,0,5
1067,5,0,5
1068,5,0,5
1069,5,0,5
1070,5,0,5
1071,5,0,5
1072,5,0,5
1073,5,0,5
1074,5,0,5
1075,5,0,5
1076,5,0,5
1077,5,0,5
1078,5,0,5
1079,5,0,5
1080,5,0,5
1081,5,0,5
1082,5,0,5
1083,5,0,5
1084,5,0,5
1085,5,0,5
1086,5,0,5
1087,5,0,5
1088,5,0,5
1089,5,0,5
1090,5,0,5
1091,5,0,5
1092,5,0,5
1093,5,0,5
1094,5,0,5
1095,5,0,5
1096,5,0,5
1097,5,0,5
1098,5,0,5
1099,5,0,5
1100,5,0,5
1101,5,0,5
1102,6,0,6
1103,6,0,6
1104,5,0,5
1105,5,0,5
1106,5,0,5
1107,5,0,5
1108,5,0,5
1109,5,0,5
1110,5,0,5
1111,5,0,5
1112,5,0,5
1113,5,0,5
1114,5,0,5
1115,5,0,5
1116,5,0,5
1117,5,0,5
1118,5,0,5
1119,5,0,5
1120,5,0,5
1121,5,0,5
1122,5,0,5
1123,5,0,5
1124,5,0,5
1125,5,0,5
1126,5,0,5
1127,5,0,5
1128,5,0,5
1129,5,0,5
1130,5,0,5
1131,5,0,5
1132,5,0,5
1133,5,0,5
1134,5,0,5
1135,5,0,5
1136,5,0,5
1137,5,0,5
1138,5,0,5
1139,5,0,5
1140,5,0,5
1141,5,0,5
1142,5,0,5
1143,5,0,5
1144,5,0,5
1145,5,0,5
1146,5,0,5
1147,5,0,5
1148,5,0,5
1149,5,0,5
1150,5,0,5
1151,5,0,5
1152,5,0,5
1153,5,0,5
1154,5,0,5
1155,5,0,5
1156,5,0,5
1157,5,0,5
1158,5,0,5
1159,5,0,5
1160,5,0,5
1161,5,0,5
1162,5,0,5
1163,5,0,5
1164,5,0,5
1165,5,0,5
1166,5,0,5
1167,5,0,5
1168,5,0,5
1169,5,0,5
1170,5,0,5
1171,5,0,5
1172,5,0,5
1173,5,0,5
1174,5,0,5
1175,5,0,5
1176,5,0,5
1177,5,0,5
1178,5,0,5
1179,5,0,5
1180,5,0,5
1181,5,0,5
1182,5,0,5
1183,5,0,5
1184,5,0,5
1185,5,0,5
1186,5,0,5
1187,5,0,5
1188,5,0,5
1189,5,0,5
1190,5,0,5
1191,4,0,4
1192,4,0,4
1193,4,0,4
1194,4,0,4
1195,4,0,4
1196,4,0,4
1197,4,0,4
1198,4,0,4
1199,4,0,4
1200,4,0,4
1201,4,0,4
1202,4,0,4
1203,4,0,4
1204,4,0,4
1205,3,0,3
1206,3,0,3
1207,4,0,4
1208,4,0,4
1209,4,0,4
1210,4,0,4
1211,3,0,3
1212,3,0,3
1213,3,0,3
1214,3,0,3
1215,3,0,3
1216,3,0,3
1217,3,0,3
1218,3,0,3
1219,3,0,3
1220,3,0,3
1221,3,0,3
1222,3,0,3
1223,3,0,3
1224,3,0,3
1225,3,0,3
1226,3,0,3
1227,3,0,3
1228,4,0,4
1229,4,0,4
1230,4,0,4
1231,4,0,4
1232,4,0,4
1233,5,0,5
1234,5,0,5
1235,5,0,5
1236,5,0,5
1237,5,0,5
1238,5,0,5
1239,5,0,5
1240,5,0,5
1241,4,0,4
1242,4,0,4
1243,4,0,4
1244,4,0,4
1245,4,0,4
1246,4,0,4
1247,4,0,4
1248,4,0,4
1249,5,0,5
1250,5,0,5
1251,5,0,5
1252,5,0,5
1253,5,0,5
1254,5,0,5
1255,5,0,5
1256,5,0,5
1257,5,0,5
1258,5,0,5
1259,5,0,5
1260,5,0,5
1261,5,0,5
1262,4,0,4
1263,4,0,4
1264,4,0,4
1265,4,0,4
1266,4,0,4
1267,4,0,4
1268,4,0,4
1269,4,0,4
1270,4,0,4
1271,4,0,4
1272,4,0,4
1273,4,0,4
1274,4,0,4
1275,4,0,4
1276,4,0,4
1277,4,0,4
1278,4,0,4
1279,5,0,5
1280,5,0,5
1281,5,0,5
1282,5,0,5
1283,5,0,5
1284,5,0,5
1285,5,0,5
1286,5,0,5
1287,4,0,4
1288,4,0,4
1289,4,0,4
1290,5,0,5
1291,5,0,5
1292,5,0,5
1293,5,0,5
1294,5,0,5
1295,5,0,5
1296,5,0,5
1297,5,0,5
1298,5,0,5
1299,5,0,5
1300,5,0,5
1301,5,0,5
1302,5,0,5
1303,5,0,5
1304,5,0,5
1305,5,0,5
1306,5,0,5
1307,5,0,5
1308,5,0,5
1309,5,0,5
1310,5,0,5
1311,5,0,5
1312,5,0,5
1313,5,0,5
1314,5,0,5
1315,5,0,5
1316,5,0,5
1317,5,0,5
1318,5,0,5
1319,5,0,5
1320,5,0,5
1321,5,0,5
1322,5,0,5
1323,5,0,5
1324,5,0,5
1325,5,0,5
1326,5,0,5
1327,5,0,5
1328,5,0,5
1329,5,0,5
1330,5,0,5
1331,5,0,5
1332,5,0,5
1333,5,0,5
1334,5,0,5
1335,5,0,5
1336,4,0,4
1337,4,0,4
1338,4,0,4
1339,4,0,4
1340,4,0,4
1341,4,0,4
1342,4,0,4
1343,4,0,4
1344,4,0,4
1345,4,0,4
1346,4,0,4
1347,4,0,4
1348,4,0,4
1349,4,0,4
1350,4,0,4
1351,4,0,4
1352,4,0,4
1353,4,0,4
1354,4,0,4
1355,4,0,4
1356,4,0,4
1357,4,0,4
1358,4,0,4
1359,4,0,4
1360,4,0,4
1361,4,0,4
1362,4,0,4
1363,4,0,4
1364,4,0,4
1365,4,0,4
1366,4,0,4
1367,4,0,4
1368,4,0,4
1369,4,0,4
1370,4,0,4
1371,4,0,4
1372,4,0,4
1373,4,0,4
1374,4,0,4
1375,4,0,4
1376,4,0,4
1377,4,0,4
1378,4,0,4
1379,4,0,4
1380,4,0,4
1381,4,0,4
1382,4,0,4
1383,4,0,4
1384,4,0,4
1385,4,0,4
1386,3,0,3
1387,3,0,3
1388,3,0,3
1389,3,0,3
1390,3,0,3
1391,3,0,3
1392,3,0,3
1393,3,0,3
1394,3,0,3
1395,3,0,3
1396,3,0,3
1397,3,0,3
1398,3,0,3
1399,3,0,3
1400,3,0,3
1401,3,0,3
1402,3,0,3
1403,3,0,3
1404,3,0,3
1405,3,0,3
1406,3,0,3
1407,3,0,3
1408,3,0,3
1409,3,0,3
1410,3,0,3
1411,3,0,3
1412,3,0,3
1413,3,0,3
1414,3,0,3
1415,3,0,3
1416,3,0,3
1417,3,0,3
1418,3,0,3
1419,3,0,3
1420,3,0,3
1421,3,0,3
1422,3,0,3
1423,3,0,3
1424,3,0,3
1425,3,0,3
1426,3,0,3
1427,3,0,3
1428,3,0,3
1429,4,0,4
1430,4,0,4
1431,4,0,4
1432,4,0,4
1433,4,0,4
1434,4,0,4
1435,4,0,4
1436,4,0,4
1437,4,0,4
1438,4,0,4
1439,4,0,4
1440,4,0,4
1441,4,0,4
1442,4,0,4
1443,4,0,4
1444,4,0,4
1445,4,0,4
1446,4,0,4
1447,4,0,4
1448,4,0,4
1449,4,0,4
1450,4,0,4
1451,4,0,4
1452,4,0,4
1453,4,0,4
1454,4,0,4
1455,4,0,4
1456,4,0,4
1457,4,0,4
1458,4,0,4
1459,4,0,4
1460,4,0,4
1461,4,0,4
1462,4,0,4
1463,4,0,4
1464,4,0,4
1465,4,0,4
1466,4,0,4
1467,4,0,4
1468,4,0,4
1469,4,0,4
1470,4,0,4
1471,4,0,4
1472,4,0,4
1473,4,0,4
1474,4,0,4
1475,4,0,4
1476,4,0,4
1477,4,0,4
1478,4,0,4
1479,4,0,4
1480,4,0,4
1481,4,0,4
1482,4,0,4
1483,4,0,4
1484,4,0,4
1485,4,0,4
1486,4,0,4
1487,4,0,4
1488,4,0,4
1489,4,0,4
1490,4,0,4
1491,4,0,4
1492,4,0,4
1493,4,0,4
1494,4,0,4
1495,4,0,4
1496,4,0,4
1497,4,0,4
1498,4,0,4
1499,4,0,4
1500,4,0,4
1501,4,0,4
1502,4,0,4
1503,4,0,4
1504,4,0,4
1505,4,0,4
1506,4,0,4
1507,4,0,4
1508,4,0,4
1509,4,0,4
1510,4,0,4
1511,4,0,4
1512,4,0,4
1513,4,0,4
1514,4,0,4
1515,4,0,4
1516,4,0,4
1517,4,0,4
1518,4,0,4
1519,4,0,4
1520,4,0,4
1521,4,0,4
1522,4,0,4
1523,4,0,4
1524,4,0,4
1525,4,0,4
1526,4,0,4
1527,4,0,4
1528,4,0,4
1529,4,0,4
1530,4,0,4
1531,4,0,4
1532,4,0,4
1533,4,0,4
1534,4,0,4
1535,4,0,4
1536,4,0,4
1537,4,0,4
1538,4,0,4
1539,4,0,4
1540,4,0,4
1541,4,0,4
1542,4,0,4
1543,4,0,4
1544,4,0,4
1545,4,0,4
1546,4,0,4
1547,4,0,4
1548,4,0,4
1549,4,0,4
1550,4,0,4
1551,4,0,4
1552,4,0,4
1553,4,0,4
1554,4,0,4
1555,4,0,4
1556,4,0,4
1557,4,0,4
1558,4,0,4
1559,5,0,5
1560,5,0,5
1561,5,0,5
1562,5,0,5
1563,5,0,5
1564,5,0,5
1565,5,0,5
1566,5,0,5
1567,5,0,5
1568,5,0,5
1569,5,0,5
1570,5,0,5
1571,5,0,5
1572,5,0,5
1573,5,0,5
1574,5,0,5
1575,5,0,5
1576,5,0,5
1577,5,0,5
1578,5,0,5
1579,5,0,5
1580,5,0,5
1581,5,0,5
1582,5,0,5
1583,5,0,5
1584,5,0,5
1585,5,0,5
1586,5,0,5
1587,5,0,5
1588,5,0,5
1589,5,0,5
1590,5,0,5
1591,5,0,5
1592,4,0,4
1593,4,0,4
1594,4,0,4
1595,4,0,4
1596,4,0,4
1597,4,0,4
1598,4,0,4
1599,4,0,4
1600,4,0,4
1601,4,0,4
1602,4,0,4
1603,4,0,4
1604,4,0,4
1605,4,0,4
1606,4,0,4
1607,4,0,4
1608,4,0,4
1609,4,0,4
1610,4,0,4
1611,4,0,4
1612,4,0,4
1613,4,0,4
1614,4,0,4
1615,5,0,5
1616,5,0,5
1617,5,0,5
1618,5,0,5
1619,5,0,5
1620,5,0,5
1621,5,0,5
1622,5,0,5
1623,5,0,5
1624,5,0,5
1625,5,0,5
1626,5,0,5
1627,5,0,5
1628,5,0,5
1629,5,0,5
1630,5,0,5
1631,5,0,5
1632,5,0,5
1633,5,0,5
1634,5,0,5
1635,5,0,5
1636,5,0,5
1637,5,0,5
1638,5,0,5
1639,5,0,5
1640,5,0,5
1641,5,0,5
1642,5,0,5
1643,5,0,5
1644,5,0,5
1645,5,0,5
1646,5,0,5
1647,5,0,5
1648,5,0,5
1649,5,0,5
1650,5,0,5
1651,5,0,5
1652,6,0,6
1653,6,0,6
1654,6,0,6
1655,6,0,6
1656,6,0,6
1657,6,0,6
1658,6,0,6
1659,6,0,6
1660,6,0,6
1661,6,0,6
1662,6,0,6
1663,6,0,6
1664,6,0,6
1665,6,0,6
1666,5,0,5
1667,5,0,5
1668,5,0,5
1669,5,0,5
1670,5,0,5
1671,6,0,6
1672,6,0,6
1673,6,0,6
1674,6,0,6
1675,6,0,6
1676,6,0,6
1677,6,0,6
1678,6,0,6
1679,6,0,6
1680,6,0,6
1681,6,0,6
1682,6,0,6
1683,6,0,6
1684,5,0,5
1685,5,0,5
1686,5,0,5
1687,5,0,5
1688,5,0,5
1689,5,0,5
1690,5,0,5
1691,5,0,5
1692,5,0,5
1693,5,0,5
1694,5,0,5
1695,5,0,5
1696,5,0,5
1697,5,0,5
1698,5,0,5
1699,5,0,5
1700,5,0,5
1701,5,0,5
1702,5,0,5
1703,5,0,5
1704,5,0,5
1705,5,0,5
1706,5,0,5
1707,5,0,5
1708,5,0,5
1709,5,0,5
1710,5,0,5
1711,5,0,5
1712,5,0,5
1713,5,0,5
1714,6,0,6
1715,6,0,6
1716,6,0,6
1717,6,0,6
1718,6,0,6
1719,6,0,6
1720,6,0,6
1721,6,0,6
1722,6,0,6
1723,6,0,6
1724,6,0,6
1725,6,0,6
1726,6,0,6
1727,6,0,6
1728,6,0,6
1729,6,0,6
1730,5,0,5
1731,5,0,5
1732,5,0,5
1733,5,0,5
1734,5,0,5
1735,5,0,5
1736,5,0,5
1737,5,0,5
1738,5,0,5
1739,5,0,5
1740,5,0,5
1741,5,0,5
1742,5,0,5
1743,5,0,5
1744,5,0,5
1745,5,0,5
1746,5,0,5
1747,5,0,5
1748,5,0,5
1749,5,0,5
1750,5,0,5
1751,5,0,5
1752,5,0,5
1753,5,0,5
1754,5,0,5
1755,5,0,5
1756,5,0,5
1757,5,0,5
1758,5,0,5
1759,5,0,5
1760,5,0,5
1761,5,0,5
1762,5,0,5
1763,5,0,5
1764,5,0,5
1765,5,0,5
1766,5,0,5
1767,5,0,5
1768,5,0,5
1769,5,0,5
1770,5,0,5
1771,5,0,5
1772,5,0,5
1773,5,0,5
1774,5,0,5
1775,5,0,5
1776,5,0,5
1777,5,0,5
1778,5,0,5
1779,5,0,5
1780,6,0,6
1781,6,0,6
1782,6,0,6
1783,5,0,5
1784,5,0,5
1785,5,0,5
1786,5,0,5
1787,5,0,5
1788,5,0,5
1789,5,0,5
1790,5,0,5
1791,5,0,5
1792,5,0,5
1793,5,0,5
1794,5,0,5
1795,5,0,5
1796,5,0,5
1797,5,0,5
1798,5,0,5
1799,5,0,5
1800,5,0,5
1801,5,0,5
1802,5,0,5
1803,5,0,5
1804,5,0,5
1805,5,0,5
1806,5,0,5
1807,5,0,5
1808,5,0,5
1809,5,0,5
1810,5,0,5
1811,5,0,5
1812,5,0,5
1813,5,0,5
1814,5,0,5
1815,5,0,5
1816,5,0,5
1817,5,0,5
1818,5,0,5
1819,5,0,5
1820,5,0,5
1821,5,0,5
1822,5,0,5
1823,5,0,5
1824,5,0,5
1825,5,0,5
1826,5,0,5
1827,5,0,5
1828,5,0,5
1829,5,0,5
1830,5,0,5
1831,5,0,5
1832,5,0,5
1833,5,0,5
1834,5,0,5
1835,5,0,5
1836,5,0,5
1837,5,0,5
1838,5,0,5
1839,6,0,6
1840,6,0,6
1841,6,0,6
1842,6,0,6
1843,6,0,6
1844,6,0,6
1845,6,0,6
1846,7,0,7
1847,7,0,7
1848,7,0,7
1849,7,0,7
1850,7,0,7
1851,7,0,7
1852,7,0,7
1853,7,0,7
1854,7,0,7
1855,7,0,7
1856,7,0,7
1857,7,0,7
1858,7,0,7
1859,7,0,7
1860,6,0,6
1861,7,0,7
1862,7,0,7
1863,7,0,7
1864,7,0,7
1865,8,0,8
1866,8,0,8
1867,8,0,8
1868,8,0,8
1869,8,0,8
1870,8,0,8
1871,8,0,8
1872,8,0,8
1873,8,0,8
1874,8,0,8
1875,7,0,7
1876,7,0,7
1877,7,0,7
1878,7,0,7
1879,7,0,7
1880,7,0,7
1881,8,0,8
1882,8,0,8
1883,8,0,8
1884,8,0,8
1885,8,0,8
1886,8,0,8
1887,8,0,8
1888,8,0,8
1889,8,0,8
1890,8,0,8
1891,8,0,8
1892,8,0,8
1893,8,0,8
1894,8,0,8
1895,8,0,8
1896,8,0,8
1897,8,0,8
1898,8,0,8
1899,8,0,8
1900,8,0,8
1901,8,0,8
1902,8,0,8
1903,8,0,8
1904,8,0,8
1905,8,0,8
1906,7,0,7
1907,7,0,7
1908,7,0,7
1909,7,0,7
1910,7,0,7
1911,7,0,7
1912,7,0,7
1913,7,0,7
1914,7,0,7
1915,7,0,7
1916,7,0,7
1917,7,0,7
1918,7,0,7
1919,6,0,6
1920,6,0,6
1921,6,0,6
1922,6,0,6
1923,6,0,6
1924,6,0,6
1925,6,0,6
1926,7,0,7
1927,7,0,7
1928,6,0,6
1929,6,0,6
1930,6,0,6
1931,6,0,6
1932,7,0,7
1933,7,0,7
1934,7,0,7
1935,7,0,7
1936,7,0,7
1937,7,0,7
1938,7,0,7
1939,7,0,7
1940,8,0,8
1941,8,0,8
1942,8,0,8
1943,8,0,8
1944,8,0,8
1945,8,0,8
1946,8,0,8
1947,8,0,8
1948,8,0,8
1949,8,0,8
1950,8,0,8
1951,9,0,9
1952,9,0,9
1953,9,0,9
1954,9,0,9
1955,9,0,9
1956,9,0,9
1957,9,0,9
1958,9,0,9
1959,9,0,9
1960,9,0,9
1961,9,0,9
1962,9,0,9
1963,9,0,9
1964,9,0,9
1965,9,0,9
1966,8,0,8
1967,8,0,8
1968,9,0,9
1969,9,0,9
1970,9,0,9
1971,9,0,9
1972,9,0,9
1973,9,0,9
1974,8,0,8
1975,8,0,8
1976,8,0,8
1977,8,0,8
1978,8,0,8
1979,8,0,8
1980,8,0,8
1981,8,0,8
1982,8,0,8
1983,8,0,8
1984,8,0,8
1985,8,0,8
1986,8,0,8
1987,8,0,8
1988,8,0,8
1989,8,0,8
1990,8,0,8
1991,8,0,8
1992,7,0,7
1993,7,0,7
1994,5,0,5
1995,5,0,5
1996,5,0,5
1997,5,0,5
1998,5,0,5
1999,5,0,5
2000,5,0,5
2001,5,0,5
2002,5,0,5
2003,4,0,4
2004,4,0,4
2005,5,0,5
2006,5,0,5
2007,5,0,5
2008,5,0,5
2009,5,0,5
2010,5,0,5
2011,5,0,5
2012,5,0,5
2013,5,0,5
2014,5,0,5
2015,5,0,5
2016,5,0,5
2017,6,0,6
2018,5,0,5
2019,5,0,5
2020,5,0,5
2021,5,0,5
2022,5,0,5
2023,5,0,5
2024,5,0,5
2025,5,0,5
2026,5,0,5
2027,5,0,5
2028,5,0,5
2029,5,0,5
2030,5,0,5
2031,5,0,5
2032,5,0,5
2033,5,0,5
2034,5,0,5
2035,5,0,5
2036,5,0,5
2037,5,0,5
2038,5,0,5
2039,5,0,5
2040,5,0,5
2041,5,0,5
2042,6,0,6
2043,5,0,5
2044,5,0,5
2045,5,0,5
2046,5,0,5
2047,5,0,5
2048,5,0,5
2049,5,0,5
2050,5,0,5
2051,4,0,4
2052,4,0,4
2053,4,0,4
2054,4,0,4
2055,4,0,4
2056,4,0,4
2057,4,0,4
2058,4,0,4
2059,4,0,4
2060,4,0,4
2061,5,0,5
2062,5,0,5
2063,5,0,5
2064,5,0,5
2065,5,0,5
2066,5,0,5
2067,5,0,5
2068,5,0,5
2069,5,0,5
2070,5,0,5
2071,5,0,5
2072,5,0,5
2073,5,0,5
2074,5,0,5
2075,5,0,5
2076,5,0,5
2077,5,0,5
2078,5,0,5
2079,5,0,5
2080,5,0,5
2081,5,0,5
2082,5,0,5
2083,5,0,5
2084,5,0,5
2085,5,0,5
2086,5,0,5
2087,5,0,5
2088,5,0,5
2089,5,0,5
2090,5,0,5
2091,5,0,5
2092,5,0,5
2093,5,0,5
2094,5,0,5
2095,5,0,5
2096,5,0,5
2097,5,0,5
2098,5,0,5
2099,5,0,5
2100,5,0,5
2101,5,0,5
2102,5,0,5
2103,5,0,5
2104,5,0,5
2105,5,0,5
2106,5,0,5
2107,5,0,5
2108,5,0,5
2109,6,0,6
2110,6,0,6
2111,6,0,6
2112,6,0,6
2113,6,0,6
2114,6,0,6
2115,6,0,6
2116,6,0,6
2117,6,0,6
2118,6,0,6
2119,6,0,6
2120,6,0,6
2121,6,0,6
2122,6,0,6
2123,6,0,6
2124,6,0,6
2125,6,0,6
2126,7,0,7
2127,7,0,7
2128,8,0,8
2129,8,0,8
2130,9,0,9
2131,9,0,9
2132,9,0,9
2133,9,0,9
2134,9,0,9
2135,9,0,9
2136,9,0,9
2137,9,0,9
2138,9,0,9
2139,10,0,10
2140,10,0,10
2141,10,0,10
2142,10,0,10
2143,10,0,10
2144,10,0,10
2145,10,0,10
2146,10,0,10
2147,10,0,10
2148,10,0,10
2149,11,0,11
2150,10,0,10
2151,9,0,9
2152,9,0,9
2153,8,0,8
2154,8,0,8
2155,8,0,8
2156,8,0,8
2157,8,0,8
2158,8,0,8
2159,8,0,8
2160,8,0,8
2161,8,0,8
2162,7,0,7
2163,7,0,7
2164,7,0,7
2165,7,0,7
2166,7,0,7
2167,8,0,8
2168,8,0,8
2169,8,0,8
2170,8,0,8
2171,8,0,8
2172,8,0,8
2173,8,0,8
2174,7,0,7
2175,7,0,7
2176,7,0,7
2177,7,0,7
2178,7,0,7
2179,7,0,7
2180,6,0,6
2181,6,0,6
2182,6,0,6
2183,6,0,6
2184,6,0,6
2185,6,0,6
2186,6,0,6
2187,6,0,6
2188,6,0,6
2189,6,0,6
2190,6,0,6
2191,6,0,6
2192,6,0,6
2193,6,0,6
2194,6,0,6
2195,6,0,6
2196,6,0,6
2197,6,0,6
2198,6,0,6
2199,6,0,6
2200,6,0,6
2201,6,0,6
2202,6,0,6
2203,6,0,6
2204,6,0,6
2205,5,0,5
2206,4,0,4
2207,5,0,5
2208,5,0,5
2209,5,0,5
2210,5,0,5
2211,5,0,5
2212,5,0,5
2213,5,0,5
2214,5,0,5
2215,5,0,5
2216,5,0,5
2217,5,0,5
2218,5,0,5
2219,5,0,5
2220,5,0,5
2221,5,0,5
2222,5,0,5
2223,5,0,5
2224,5,0,5
2225,5,0,5
2226,5,0,5
2227,5,0,5
2228,5,0,5
2229,5,0,5
2230,5,0,5
2231,5,0,5
2232,5,0,5
2233,5,0,5
2234,5,0,5
2235,5,0,5
2236,4,0,4
2237,4,0,4
2238,4,0,4
2239,4,0,4
2240,4,0,4
2241,4,0,4
2242,4,0,4
2243,4,0,4
2244,4,0,4
2245,4,0,4
2246,4,0,4
2247,4,0,4
2248,4,0,4
2249,4,0,4
2250,4,0,4
2251,4,0,4
2252,4,0,4
2253,4,0,4
2254,4,0,4
2255,4,0,4
2256,4,0,4
2257,4,0,4
2258,5,0,5
2259,5,0,5
2260,5,0,5
2261,5,0,5
2262,6,0,6
2263,6,0,6
2264,6,0,6
2265,6,0,6
2266,6,0,6
2267,6,0,6
2268,6,0,6
2269,6,0,6
2270,6,0,6
2271,6,0,6
2272,6,0,6
2273,6,0,6
2274,6,0,6
2275,5,0,5
2276,5,0,5
2277,4,0,4
2278,4,0,4
2279,4,0,4
2280,4,0,4
2281,4,0,4
2282,4,0,4
2283,4,0,4
2284,4,0,4
2285,4,0,4
2286,4,0,4
2287,4,0,4
2288,5,0,5
2289,5,0,5
2290,5,0,5
2291,5,0,5
2292,5,0,5
2293,5,0,5
2294,5,0,5
2295,5,0,5
2296,5,0,5
2297,5,0,5
2298,5,0,5
2299,5,0,5
2300,5,0,5
2301,5,0,5
2302,5,0,5
2303,5,0,5
2304,5,0,5
2305,5,0,5
2306,5,0,5
2307,5,0,5
2308,5,0,5
2309,5,0,5
2310,5,0,5
2311,5,0,5
2312,5,0,5
2313,5,0,5
2314,5,0,5
2315,5,0,5
2316,5,0,5
2317,5,0,5
2318,5,0,5
2319,5,0,5
2320,5,0,5
2321,5,0,5
2322,5,0,5
2323,5,0,5
2324,4,0,4
2325,4,0,4
2326,4,0,4
2327,4,0,4
2328,4,0,4
2329,4,0,4
2330,4,0,4
2331,4,0,4
2332,4,0,4
2333,4,0,4
2334,4,0,4
2335,4,0,4
2336,4,0,4
2337,4,0,4
2338,4,0,4
2339,4,0,4
2340,4,0,4
2341,4,0,4
2342,4,0,4
2343,4,0,4
2344,4,0,4
2345,4,0,4
2346,4,0,4
2347,4,0,4
2348,4,0,4
2349,4,0,4
2350,4,0,4
2351,4,0,4
2352,4,0,4
2353,4,0,4
2354,4,0,4
2355,4,0,4
2356,4,0,4
2357,4,0,4
2358,4,0,4
2359,4,0,4
2360,4,0,4
2361,4,0,4
2362,4,0,4
2363,4,0,4
2364,4,0,4
2365,4,0,4
2366,4,0,4
2367,4,0,4
2368,4,0,4
2369,4,0,4
2370,5,0,5
2371,5,0,5
2372,5,0,5
2373,5,0,5
2374,5,0,5
2375,5,0,5
2376,5,0,5
2377,5,0,5
2378,5,0,5
2379,5,0,5
2380,5,0,5
2381,5,0,5
2382,5,0,5
2383,5,0,5
2384,5,0,5
2385,5,0,5
2386,5,0,5
2387,5,0,5
2388,5,0,5
2389,6,0,6
2390,6,0,6
2391,6,0,6
2392,6,0,6
2393,6,0,6
2394,6,0,6
2395,6,0,6
2396,7,0,7
2397,7,0,7
2398,7,0,7
2399,7,0,7
2400,7,0,7
2401,7,0,7
2402,7,0,7
2403,7,0,7
2404,6,0,6
2405,6,0,6
2406,6,0,6
2407,6,0,6
2408,6,0,6
2409,5,0,5
2410,5,0,5
2411,5,0,5
2412,5,0,5
2413,5,0,5
2414,5,0,5
2415,5,0,5
2416,6,0,6
2417,6,0,6
2418,6,0,6
2419,5,0,5
2420,5,0,5
2421,5,0,5
2422,5,0,5
2423,5,0,5
2424,5,0,5
2425,5,0,5
2426,5,0,5
2427,5,0,5
2428,5,0,5
2429,5,0,5
2430,5,0,5
2431,5,0,5
2432,5,0,5
2433,4,0,4
2434,4,0,4
2435,4,0,4
2436,4,0,4
2437,4,0,4
2438,4,0,4
2439,4,0,4
2440,4,0,4
2441,4,0,4
2442,4,0,4
2443,4,0,4
2444,4,0,4
2445,4,0,4
2446,4,0,4
2447,4,0,4
2448,4,0,4
2449,4,0,4
2450,4,0,4
2451,4,0,4
2452,4,0,4
2453,4,0,4
2454,4,0,4
2455,4,0,4
2456,4,0,4
2457,4,0,4
2458,4,0,4
2459,4,0,4
2460,4,0,4
2461,4,0,4
2462,5,0,5
2463,5,0,5
2464,5,0,5
2465,5,0,5
2466,5,0,5
2467,5,0,5
2468,6,0,6
2469,6,0,6
2470,6,0,6
2471,6,0,6
2472,6,0,6
2473,6,0,6
2474,6,0,6
2475,6,0,6
2476,6,0,6
2477,6,0,6
2478,6,0,6
2479,5,0,5
2480,5,0,5
2481,5,0,5
2482,5,0,5
2483,5,0,5
2484,4,0,4
2485,4,0,4
2486,4,0,4
2487,4,0,4
2488,4,0,4
2489,4,0,4
2490,4,0,4
2491,4,0,4
2492,4,0,4
2493,4,0,4
2494,4,0,4
2495,4,0,4
2496,4,0,4
2497,4,0,4
2498,4,0,4
2499,5,0,5
2500,5,0,5
2501,6,0,6
2502,6,0,6
2503,6,0,6
2504,6,0,6
2505,6,0,6
2506,6,0,6
2507,6,0,6
2508,6,0,6
2509,6,0,6
2510,6,0,6
2511,6,0,6
2512,6,0,6
2513,6,0,6
2514,6,0,6
2515,6,0,6
2516,5,0,5
2517,5,0,5
2518,5,0,5
2519,5,0,5
2520,5,0,5
2521,5,0,5
2522,5,0,5
2523,5,0,5
2524,5,0,5
2525,5,0,5
2526,5,0,5
2527,5,0,5
2528,5,0,5
2529,5,0,5
2530,5,0,5
2531,5,0,5
2532,5,0,5
2533,5,0,5
2534,5,0,5
2535,5,0,5
2536,5,0,5
2537,5,0,5
2538,5,0,5
2539,5,0,5
2540,5,0,5
2541,5,0,5
2542,5,0,5
2543,5,0,5
2544,5,0,5
2545,5,0,5
2546,5,0,5
2547,5,0,5
2548,5,0,5
2549,5,0,5
2550,5,0,5
2551,5,0,5
2552,5,0,5
2553,5,0,5
2554,5,0,5
2555,5,0,5
2556,5,0,5
2557,5,0,5
2558,5,0,5
2559,5,0,5
2560,5,0,5
2561,5,0,5
2562,5,0,5
2563,5,0,5
2564,5,0,5
2565,6,0,6
2566,6,0,6
2567,6,0,6
2568,6,0,6
2569,6,0,6
2570,5,0,5
2571,5,0,5
2572,5,0,5
2573,5,0,5
2574,5,0,5
2575,5,0,5
2576,5,0,5
2577,5,0,5
2578,5,0,5
2579,5,0,5
2580,5,0,5
2581,5,0,5
2582,5,0,5
2583,5,0,5
2584,5,0,5
2585,5,0,5
2586,5,0,5
2587,5,0,5
2588,5,0,5
2589,5,0,5
2590,5,0,5
2591,5,0,5
2592,5,0,5
2593,5,0,5
2594,5,0,5
2595,5,0,5
2596,5,0,5
2597,5,0,5
2598,5,0,5
2599,5,0,5
2600,5,0,5
2601,5,0,5
2602,5,0,5
2603,5,0,5
2604,5,0,5
2605,5,0,5
2606,5,0,5
2607,5,0,5
2608,5,0,5
2609,5,0,5
2610,5,0,5
2611,5,0,5
2612,5,0,5
2613,5,0,5
2614,5,0,5
2615,5,0,5
2616,5,0,5
2617,5,0,5
2618,5,0,5
2619,5,0,5
2620,5,0,5
2621,5,0,5
2622,5,0,5
2623,5,0,5
2624,5,0,5
2625,6,0,6
2626,6,0,6
2627,6,0,6
2628,6,0,6
2629,6,0,6
2630,6,0,6
2631,6,0,6
2632,6,0,6
2633,6,0,6
2634,6,0,6
2635,6,0,6
2636,6,0,6
2637,6,0,6
2638,6,0,6
2639,6,0,6
2640,6,0,6
2641,6,0,6
2642,6,0,6
2643,6,0,6
2644,6,0,6
2645,6,0,6
2646,6,0,6
2647,6,0,6
2648,5,0,5
2649,5,0,5
2650,5,0,5
2651,5,0,5
2652,5,0,5
2653,5,0,5
2654,5,0,5
2655,5,0,5
2656,5,0,5
2657,5,0,5
2658,5,0,5
2659,5,0,5
2660,5,0,5
2661,5,0,5
2662,5,0,5
2663,5,0,5
2664,5,0,5
2665,5,0,5
2666,5,0,5
2667,5,0,5
2668,5,0,5
2669,5,0,5
2670,5,0,5
2671,5,0,5
2672,5,0,5
2673,5,0,5
2674,5,0,5
2675,5,0,5
2676,5,0,5
2677,5,0,5
2678,5,0,5
2679,5,0,5
2680,4,0,4
2681,4,0,4
2682,4,0,4
2683,4,0,4
2684,4,0,4
2685,4,0,4
2686,4,0,4
2687,4,0,4
2688,4,0,4
2689,4,0,4
2690,4,0,4
2691,4,0,4
2692,4,0,4
2693,4,0,4
2694,4,0,4
2695,4,0,4
2696,4,0,4
2697,4,0,4
2698,4,0,4
2699,4,0,4
2700,4,0,4
2701,4,0,4
2702,4,0,4
2703,4,0,4
2704,4,0,4
2705,4,0,4
2706,4,0,4
2707,4,0,4
2708,4,0,4
2709,4,0,4
2710,4,0,4
2711,4,0,4
2712,4,0,4
2713,4,0,4
2714,4,0,4
2715,4,0,4
2716,4,0,4
2717,4,0,4
2718,4,0,4
2719,4,0,4
2720,4,0,4
2721,4,0,4
2722,4,0,4
2723,4,0,4
2724,4,0,4
2725,4,0,4
2726,4,0,4
2727,4,0,4
2728,4,0,4
2729,4,0,4
2730,4,0,4
2731,4,0,4
2732,4,0,4
2733,4,0,4
2734,4,0,4
2735,4,0,4
2736,4,0,4
2737,4,0,4
2738,4,0,4
2739,4,0,4
2740,4,0,4
2741,4,0,4
2742,4,0,4
2743,4,0,4
2744,4,0,4
2745,4,0,4
2746,4,0,4
2747,4,0,4
2748,4,0,4
2749,4,0,4
2750,4,0,4
2751,4,0,4
2752,4,0,4
2753,4,0,4
2754,4,0,4
2755,4,0,4
2756,4,0,4
2757,4,0,4
2758,4,0,4
2759,4,0,4
2760,5,0,5
2761,5,0,5
2762,5,0,5
2763,5,0,5
2764,5,0,5
2765,5,0,5
2766,5,0,5
2767,5,0,5
2768,5,0,5
2769,5,0,5
2770,5,0,5
2771,5,0,5
2772,5,0,5
2773,5,0,5
2774,5,0,5
2775,5,0,5
2776,5,0,5
2777,5,0,5
2778,5,0,5
2779,5,0,5
2780,5,0,5
2781,5,0,5
2782,5,0,5
2783,5,0,5
2784,5,0,5
2785,5,0,5
2786,5,0,5
2787,5,0,5
2788,5,0,5
2789,5,0,5
2790,5,0,5
2791,5,0,5
2792,5,0,5
2793,5,0,5
2794,5,0,5
2795,5,0,5
2796,5,0,5
2797,6,0,6
2798,6,0,6
2799,6,0,6
2800,6,0,6
2801,6,0,6
2802,6,0,6
2803,6,0,6
2804,6,0,6
2805,6,0,6
2806,6,0,6
2807,6,0,6
2808,6,0,6
2809,6,0,6
2810,6,0,6
2811,6,0,6
2812,6,0,6
2813,6,0,6
2814,7,0,7
2815,7,0,7
2816,7,0,7
2817,7,0,7
2818,7,0,7
2819,6,0,6
2820,6,0,6
2821,6,0,6
2822,6,0,6
2823,6,0,6
2824,6,0,6
2825,6,0,6
2826,6,0,6
2827,6,0,6
2828,6,0,6
2829,6,0,6
2830,6,0,6
2831,6,0,6
2832,6,0,6
2833,6,0,6
2834,6,0,6
2835,6,0,6
2836,6,0,6
2837,6,0,6
2838,6,0,6
2839,6,0,6
2840,6,0,6
2841,6,0,6
2842,6,0,6
2843,6,0,6
2844,6,0,6
2845,6,0,6
2846,6,0,6
2847,6,0,6
2848,6,0,6
2849,7,0,7
2850,7,0,7
2851,7,0,7
2852,7,0,7
2853,7,0,7
2854,7,0,7
2855,7,0,7
2856,7,0,7
2857,7,0,7
2858,6,0,6
2859,6,0,6
2860,6,0,6
2861,6,0,6
2862,6,0,6
2863,7,0,7
2864,7,0,7
2865,7,0,7
2866,7,0,7
2867,7,0,7
2868,7,0,7
2869,8,0,8
2870,8,0,8
2871,8,0,8
2872,8,0,8
2873,8,0,8
2874,8,0,8
2875,8,0,8
2876,8,0,8
2877,7,0,7
2878,7,0,7
2879,7,0,7
2880,6,0,6
2881,6,0,6
2882,6,0,6
2883,6,0,6
2884,6,0,6
2885,6,0,6
2886,7,0,7
2887,7,0,7
2888,7,0,7
2889,7,0,7
2890,7,0,7
2891,7,0,7
2892,7,0,7
2893,7,0,7
2894,7,0,7
2895,8,0,8
2896,8,0,8
2897,8,0,8
2898,8,0,8
2899,8,0,8
2900,8,0,8
2901,8,0,8
2902,8,0,8
2903,8,0,8
2904,8,0,8
2905,8,0,8
2906,8,0,8
2907,8,0,8
2908,8,0,8
2909,8,0,8
2910,8,0,8
2911,8,0,8
2912,8,0,8
2913,8,0,8
2914,8,0,8
2915,8,0,8
2916,8,0,8
2917,8,0,8
2918,8,0,8
2919,8,0,8
2920,8,0,8
2921,8,0,8
2922,8,0,8
2923,8,0,8
2924,8,0,8
2925,9,0,9
2926,9,0,9
2927,9,0,9
2928,9,0,9
2929,9,0,9
2930,9,0,9
2931,9,0,9
2932,9,0,9
2933,9,0,9
2934,9,0,9
2935,9,0,9
2936,9,0,9
2937,9,0,9
2938,9,0,9
2939,8,0,8
2940,8,0,8
2941,8,0,8
2942,8,0,8
2943,8,0,8
2944,8,0,8
2945,8,0,8
2946,8,0,8
2947,8,0,8
2948,8,0,8
2949,8,0,8
2950,8,0,8
2951,8,0,8
2952,8,0,8
2953,8,0,8
2954,8,0,8
2955,8,0,8
2956,8,0,8
2957,8,0,8
2958,8,0,8
2959,8,0,8
2960,7,0,7
2961,7,0,7
2962,7,0,7
2963,7,0,7
2964,7,0,7
2965,6,0,6
2966,6,0,6
2967,6,0,6
2968,6,0,6
2969,6,0,6
2970,6,0,6
2971,6,0,6
2972,6,0,6
2973,6,0,6
2974,6,0,6
2975,6,0,6
2976,6,0,6
2977,6,0,6
2978,6,0,6
2979,6,0,6
2980,6,0,6
2981,6,0,6
2982,6,0,6
2983,6,0,6
2984,6,0,6
2985,6,0,6
2986,6,0,6
2987,6,0,6
2988,6,0,6
2989,6,0,6
2990,6,0,6
2991,6,0,6
2992,6,0,6
2993,6,0,6
2994,6,0,6
2995,6,0,6
2996,6,0,6
2997,6,0,6
2998,6,0,6
2999,6,0,6
3000,6,0,6
3001,6,0,6
3002,6,0,6
3003,6,0,6
3004,6,0,6
3005,6,0,6
3006,6,0,6
3007,6,0,6
3008,6,0,6
3009,6,0,6
3010,6,0,6
3011,6,0,6
3012,6,0,6
3013,6,0,6
3014,6,0,6
3015,6,0,6
3016,6,0,6
3017,6,0,6
3018,6,0,6
3019,7,0,7
3020,7,0,7
3021,7,0,7
3022,7,0,7
3023,7,0,7
3024,7,0,7
3025,7,0,7
3026,7,0,7
3027,7,0,7
3028,7,0,7
3029,7,0,7
3030,7,0,7
3031,7,0,7
3032,7,0,7
3033,7,0,7
3034,7,0,7
3035,6,0,6
3036,6,0,6
3037,6,0,6
3038,6,0,6
3039,6,0,6
3040,6,0,6
3041,6,0,6
3042,6,0,6
3043,6,0,6
3044,6,0,6
3045,6,0,6
3046,6,0,6
3047,6,0,6
3048,6,0,6
3049,6,0,6
3050,5,0,5
3051,5,0,5
3052,5,0,5
3053,5,0,5
3054,5,0,5
3055,5,0,5
3056,4,0,4
3057,4,0,4
3058,4,0,4
3059,4,0,4
3060,4,0,4
3061,4,0,4
3062,4,0,4
3063,4,0,4
3064,4,0,4
3065,3,0,3
3066,3,0,3
3067,3,0,3
3068,3,0,3
3069,3,0,3
3070,3,0,3
3071,3,0,3
3072,3,0,3
3073,3,0,3
3074,3,0,3
3075,3,0,3
3076,3,0,3
3077,3,0,3
3078,3,0,3
3079,3,0,3
3080,3,0,3
3081,3,0,3
3082,3,0,3
3083,3,0,3
3084,3,0,3
3085,3,0,3
3086,3,0,3
3087,3,0,3
3088,3,0,3
3089,3,0,3
3090,3,0,3
3091,4,0,4
3092,4,0,4
3093,4,0,4
3094,4,0,4
3095,4,0,4
3096,4,0,4
3097,4,0,4
3098,4,0,4
3099,4,0,4
3100,4,0,4
3101,4,0,4
3102,4,0,4
3103,4,0,4
3104,4,0,4
3105,4,0,4
3106,5,0,5
3107,5,0,5
3108,5,0,5
3109,5,0,5
3110,5,0,5
3111,5,0,5
3112,5,0,5
3113,5,0,5
3114,5,0,5
3115,5,0,5
3116,5,0,5
3117,5,0,5
3118,5,0,5
3119,6,0,6
3120,6,0,6
3121,6,0,6
3122,6,0,6
3123,6,0,6
3124,6,0,6
3125,6,0,6
3126,6,0,6
3127,6,0,6
3128,6,0,6
3129,6,0,6
3130,6,0,6
3131,7,0,7
3132,7,0,7
3133,7,0,7
3134,7,0,7
3135,7,0,7
3136,7,0,7
3137,7,0,7
3138,7,0,7
3139,7,0,7
3140,7,0,7
3141,7,0,7
3142,7,0,7
3143,7,0,7
3144,7,0,7
3145,8,0,8
3146,8,0,8
3147,8,0,8
3148,8,0,8
3149,8,0,8
3150,8,0,8
3151,8,0,8
3152,8,0,8
3153,8,0,8
3154,8,0,8
3155,8,0,8
3156,8,0,8
3157,8,0,8
3158,8,0,8
3159,8,0,8
3160,8,0,8
3161,8,0,8
3162,8,0,8
3163,8,0,8
3164,8,0,8
3165,8,0,8
3166,8,0,8
3167,8,0,8
3168,8,0,8
3169,8,0,8
3170,8,0,8
3171,8,0,8
3172,8,0,8
3173,8,0,8
3174,8,0,8
3175,8,0,8
3176,8,0,8
3177,8,0,8
3178,8,0,8
3179,8,0,8
3180,8,0,8
3181,8,0,8
3182,8,0,8
3183,7,0,7
3184,7,0,7
3185,7,0,7
3186,7,0,7
3187,7,0,7
3188,7,0,7
3189,7,0,7
3190,7,0,7
3191,7,0,7
3192,7,0,7
3193,7,0,7
3194,7,0,7
3195,7,0,7
3196,6,0,6
3197,6,0,6
3198,6,0,6
3199,6,0,6
3200,6,0,6
3201,6,0,6
3202,6,0,6
3203,6,0,6
3204,6,0,6
3205,6,0,6
3206,6,0,6
3207,5,0,5
3208,5,0,5
3209,5,0,5
3210,5,0,5
3211,5,0,5
3212,5,0,5
3213,4,0,4
3214,4,0,4
3215,5,0,5
3216,5,0,5
3217,5,0,5
3218,5,0,5
3219,5,0,5
3220,5,0,5
3221,5,0,5
3222,5,0,5
3223,5,0,5
3224,5,0,5
3225,5,0,5
3226,6,0,6
3227,6,0,6
3228,6,0,6
3229,6,0,6
3230,5,1,6
3231,5,1,6
3232,5,1,6
3233,5,1,6
3234,5,1,6
3235,5,1,6
3236,5,1,6
3237,5,1,6
3238,5,1,6
3239,5,1,6
3240,5,1,6
3241,5,1,6
3242,5,1,6
3243,5,1,6
3244,5,1,6
3245,5,1,6
3246,6,1,7
3247,6,1,7
3248,6,1,7
3249,6,1,7
3250,5,1,6
3251,5,1,6
3252,5,1,6
3253,5,1,6
3254,5,1,6
3255,5,1,6
3256,5,1,6
3257,4,1,5
3258,5,1,6
3259,5,1,6
3260,5,1,6
3261,5,1,6
3262,5,1,6
3263,5,1,6
3264,5,1,6
3265,5,1,6
3266,5,1,6
3267,5,1,6
3268,5,1,6
3269,5,1,6
3270,5,1,6
3271,5,1,6
3272,5,1,6
3273,5,1,6
3274,5,1,6
3275,5,1,6
3276,5,1,6
3277,5,1,6
3278,6,1,7
3279,6,1,7
3280,6,1,7
3281,6,1,7
3282,6,1,7
3283,6,1,7
3284,6,1,7
3285,7,0,7
3286,6,0,6
3287,6,0,6
3288,6,0,6
3289,6,0,6
3290,6,0,6
3291,6,0,6
3292,6,0,6
3293,6,0,6
3294,6,0,6
3295,6,0,6
3296,7,0,7
3297,7,0,7
3298,7,0,7
3299,7,0,7
3300,7,0,7
3301,7,0,7
3302,7,0,7
3303,7,0,7
3304,7,0,7
3305,7,0,7
3306,7,0,7
3307,7,0,7
3308,7,0,7
3309,7,0,7
3310,7,0,7
3311,7,0,7
3312,7,0,7
3313,7,0,7
3314,7,0,7
3315,7,0,7
3316,7,0,7
3317,7,0,7
3318,7,0,7
3319,7,0,7
3320,7,0,7
3321,7,0,7
3322,7,0,7
3323,8,0,8
3324,8,0,8
3325,8,0,8
3326,8,0,8
3327,8,0,8
3328,8,0,8
3329,8,0,8
3330,8,0,8
3331,8,0,8
3332,8,0,8
3333,8,0,8
3334,8,0,8
3335,8,0,8
3336,8,0,8
3337,8,0,8
3338,8,0,8
3339,8,0,8
3340,8,0,8
3341,8,0,8
3342,8,0,8
3343,8,0,8
3344,8,0,8
3345,8,0,8
3346,8,0,8
3347,8,0,8
3348,8,0,8
3349,8,0,8
3350,8,0,8
3351,8,0,8
3352,8,0,8
3353,8,0,8
3354,8,0,8
3355,8,0,8
3356,8,0,8
3357,8,0,8
3358,8,0,8
3359,8,0,8
3360,8,0,8
3361,8,0,8
3362,8,0,8
3363,8,0,8
3364,8,0,8
3365,8,0,8
3366,8,0,8
3367,8,0,8
3368,8,0,8
3369,8,0,8
3370,8,0,8
3371,8,0,8
3372,8,0,8
3373,8,0,8
3374,8,0,8
3375,8,0,8
3376,8,0,8
3377,8,0,8
3378,8,0,8
3379,8,0,8
3380,8,0,8
3381,8,0,8
3382,8,0,8
3383,8,0,8
3384,8,0,8
3385,8,0,8
3386,8,0,8
3387,8,0,8
3388,8,0,8
3389,8,0,8
3390,8,0,8
3391,8,0,8
3392,8,0,8
3393,8,0,8
3394,7,0,7
3395,7,0,7
3396,7,0,7
3397,7,0,7
3398,7,0,7
3399,7,0,7
3400,7,0,7
3401,8,0,8
3402,8,0,8
3403,9,0,9
3404,9,0,9
3405,9,0,9
3406,9,0,9
3407,9,0,9
3408,9,0,9
3409,8,0,8
3410,8,0,8
3411,8,0,8
3412,8,0,8
3413,8,0,8
3414,8,0,8
3415,8,0,8
3416,8,0,8
3417,8,0,8
3418,8,0,8
3419,8,0,8
3420,8,0,8
3421,8,0,8
3422,8,0,8
3423,8,0,8
3424,8,0,8
3425,8,0,8
3426,8,0,8
3427,8,0,8
3428,8,0,8
3429,8,0,8
3430,9,0,9
3431,9,0,9
3432,9,0,9
3433,9,0,9
3434,9,0,9
3435,9,0,9
3436,9,0,9
3437,9,0,9
3438,9,0,9
3439,9,0,9
3440,9,0,9
3441,9,0,9
3442,9,0,9
3443,9,0,9
3444,9,0,9
3445,8,0,8
3446,8,0,8
3447,8,0,8
3448,8,0,8
3449,8,0,8
3450,8,0,8
3451,8,0,8
3452,8,0,8
3453,8,0,8
3454,8,0,8
3455,8,0,8
3456,8,0,8
3457,8,0,8
3458,8,0,8
3459,8,0,8
3460,8,0,8
3461,8,0,8
3462,8,0,8
3463,8,0,8
3464,8,0,8
3465,8,0,8
3466,8,0,8
3467,8,0,8
3468,8,0,8
3469,8,0,8
3470,8,0,8
3471,8,0,8
3472,8,0,8
3473,8,0,8
3474,8,0,8
3475,8,0,8
3476,7,0,7
3477,7,0,7
3478,7,0,7
3479,7,0,7
3480,7,0,7
3481,6,0,6
3482,6,0,6
3483,6,0,6
3484,6,0,6
3485,6,0,6
3486,6,0,6
3487,6,0,6
3488,6,0,6
3489,6,0,6
3490,6,0,6
3491,6,0,6
3492,6,0,6
3493,7,0,7
3494,7,0,7
3495,7,0,7
3496,7,0,7
3497,7,0,7
3498,7,0,7
3499,7,0,7
3500,7,0,7
3501,7,0,7
3502,7,0,7
3503,7,0,7
3504,7,0,7
3505,7,0,7
3506,7,0,7
3507,7,0,7
3508,7,0,7
3509,7,0,7
3510,7,0,7
3511,7,0,7
3512,7,0,7
3513,7,0,7
3514,7,0,7
3515,7,0,7
3516,7,0,7
3517,7,0,7
3518,7,0,7
3519,7,0,7
3520,7,0,7
3521,7,0,7
3522,7,0,7
3523,7,0,7
3524,7,0,7
3525,7,0,7
3526,7,0,7
3527,7,0,7
3528,7,0,7
3529,7,0,7
3530,7,0,7
3531,7,0,7
3532,7,0,7
3533,7,0,7
3534,7,0,7
3535,6,0,6
3536,6,0,6
3537,7,0,7
3538,7,0,7
3539,7,0,7
3540,7,0,7
3541,7,0,7
3542,7,0,7
3543,7,0,7
3544,7,0,7
3545,7,0,7
3546,7,0,7
3547,7,0,7
3548,7,0,7
3549,7,0,7
3550,7,0,7
3551,7,0,7
3552,6,0,6
3553,6,0,6
3554,6,0,6
3555,7,0,7
3556,7,0,7
3557,7,0,7
3558,7,0,7
3559,6,0,6
3560,6,0,6
3561,6,0,6
3562,6,0,6
3563,6,0,6
3564,6,0,6
3565,6,0,6
3566,6,0,6
3567,6,0,6
3568,6,0,6
3569,6,0,6
3570,6,0,6
3571,6,0,6
3572,6,0,6
3573,6,0,6
3574,6,0,6
3575,6,0,6
3576,6,0,6
3577,6,0,6
3578,6,0,6
3579,6,0,6
3580,6,0,6
3581,6,0,6
3582,6,0,6
3583,6,0,6
3584,6,0,6
3585,6,0,6
3586,6,0,6
3587,6,0,6
3588,6,0,6
3589,6,0,6
3590,6,0,6
3591,6,0,6
3592,6,0,6
3593,6,0,6
3594,6,0,6
3595,6,0,6
3596,6,0,6
3597,6,0,6
3598,6,0,6
3599,6,0,6
3600,6,0,6
3601,6,0,6
3602,6,0,6
3603,6,0,6
3604,6,0,6
3605,6,0,6
3606,6,0,6
3607,6,0,6
3608,6,0,6
3609,6,0,6
3610,6,0,6
3611,6,0,6
3612,6,0,6
3613,6,0,6
3614,6,0,6
3615,6,0,6
3616,6,0,6
3617,6,0,6
3618,6,0,6
3619,6,0,6
3620,6,0,6
3621,6,0,6
3622,6,0,6
3623,6,0,6
3624,6,0,6
3625,6,0,6
3626,6,0,6
3627,7,0,7
3628,7,0,7
3629,7,0,7
3630,7,0,7
3631,7,0,7
3632,7,0,7
3633,7,0,7
3634,7,0,7
3635,7,0,7
3636,7,0,7
3637,7,0,7
3638,6,0,6
3639,6,0,6
3640,6,0,6
3641,6,0,6
3642,6,0,6
3643,6,0,6
3644,6,0,6
3645,6,0,6
3646,6,0,6
3647,6,0,6
3648,6,0,6
3649,6,0,6
3650,6,0,6
3651,6,0,6
3652,6,0,6
3653,6,0,6
3654,6,0,6
3655,6,0,6
3656,6,0,6
3657,6,0,6
3658,6,0,6
3659,6,0,6
3660,7,0,7
3661,7,0,7
3662,7,0,7
3663,7,0,7
3664,7,0,7
3665,7,0,7
3666,7,0,7
3667,7,0,7
3668,7,0,7
3669,7,0,7
3670,7,0,7
3671,7,0,7
3672,7,0,7
3673,7,0,7
3674,7,0,7
3675,7,0,7
3676,7,0,7
3677,7,0,7
3678,7,0,7
3679,7,0,7
3680,7,0,7
3681,7,0,7
3682,7,0,7
3683,7,0,7
3684,7,0,7
3685,8,0,8
3686,7,0,7
3687,7,0,7
3688,7,0,7
3689,7,0,7
3690,6,0,6
3691,6,0,6
3692,6,0,6
3693,6,0,6
3694,6,0,6
3695,6,0,6
3696,6,0,6
3697,6,0,6
3698,6,0,6
3699,6,0,6
3700,6,0,6
3701,6,0,6
3702,6,0,6
3703,6,0,6
3704,6,0,6
3705,6,0,6
3706,6,0,6
3707,6,0,6
3708,6,0,6
3709,6,0,6
3710,6,0,6
3711,7,0,7
3712,7,0,7
3713,7,0,7
3714,7,0,7
3715,7,0,7
3716,7,0,7
3717,7,0,7
3718,7,0,7
3719,7,0,7
3720,7,0,7
3721,7,0,7
3722,7,0,7
3723,7,0,7
3724,7,0,7
3725,7,0,7
3726,7,0,7
3727,7,0,7
3728,7,0,7
3729,7,0,7
3730,7,0,7
3731,7,0,7
3732,7,0,7
3733,7,0,7
3734,7,0,7
3735,7,0,7
3736,7,0,7
3737,7,0,7
3738,7,0,7
3739,7,0,7
3740,7,0,7
3741,7,0,7
3742,7,0,7
3743,7,0,7
3744,7,0,7
3745,7,0,7
3746,7,0,7
3747,7,0,7
3748,8,0,8
3749,8,0,8
3750,8,0,8
3751,8,0,8
3752,8,0,8
3753,8,0,8
3754,8,0,8
3755,8,0,8
3756,8,0,8
3757,8,0,8
3758,7,0,7
3759,7,0,7
3760,7,0,7
3761,7,0,7
3762,6,0,6
3763,6,0,6
3764,6,0,6
3765,6,0,6
3766,6,0,6
3767,6,0,6
3768,6,0,6
3769,6,0,6
3770,6,0,6
3771,5,0,5
3772,5,0,5
3773,5,0,5
3774,5,0,5
3775,5,0,5
3776,5,0,5
3777,5,0,5
3778,5,0,5
3779,5,0,5
3780,5,0,5
3781,5,0,5
3782,5,0,5
3783,5,0,5
3784,5,0,5
3785,5,0,5
3786,5,0,5
3787,5,0,5
3788,5,0,5
3789,5,0,5
3790,5,0,5
3791,5,0,5
3792,5,0,5
3793,5,0,5
3794,5,0,5
3795,5,0,5
3796,5,0,5
3797,5,0,5
3798,5,0,5
3799,6,0,6
3800,6,0,6
3801,6,0,6
3802,6,0,6
3803,6,0,6
3804,6,0,6
3805,6,0,6
3806,6,0,6
3807,6,0,6
3808,6,0,6
3809,7,0,7
3810,7,0,7
3811,7,0,7
3812,7,0,7
3813,7,0,7
3814,7,0,7
3815,7,0,7
3816,7,0,7
3817,7,0,7
3818,7,0,7
3819,7,0,7
3820,7,0,7
3821,7,0,7
3822,7,0,7
3823,7,0,7
3824,7,0,7
3825,7,0,7
3826,6,0,6
3827,6,0,6
3828,6,0,6
3829,6,0,6
3830,6,0,6
3831,6,0,6
3832,6,0,6
3833,5,0,5
3834,5,0,5
3835,5,0,5
3836,5,0,5
3837,5,0,5
3838,5,0,5
3839,5,0,5
3840,5,0,5
3841,5,0,5
3842,5,0,5
3843,5,0,5
3844,5,0,5
3845,5,0,5
3846,5,0,5
3847,5,0,5
3848,5,0,5
3849,5,0,5
3850,5,0,5
3851,5,0,5
3852,5,0,5
3853,5,0,5
3854,5,0,5
3855,5,0,5
3856,5,0,5
3857,5,0,5
3858,5,0,5
3859,5,0,5
3860,5,0,5
3861,5,0,5
3862,5,0,5
3863,4,0,4
3864,4,0,4
3865,4,0,4
3866,4,0,4
3867,4,0,4
3868,4,0,4
3869,4,0,4
3870,4,0,4
3871,4,0,4
3872,4,0,4
3873,4,0,4
3874,4,0,4
3875,4,0,4
3876,4,0,4
3877,5,0,5
3878,5,0,5
3879,4,0,4
3880,4,0,4
3881,4,0,4
3882,4,0,4
3883,4,0,4
3884,4,0,4
3885,4,0,4
3886,4,0,4
3887,4,0,4
3888,4,0,4
3889,4,0,4
3890,4,0,4
3891,4,0,4
3892,4,0,4
3893,4,0,4
3894,4,0,4
3895,4,0,4
3896,4,0,4
3897,4,0,4
3898,4,0,4
3899,4,0,4
3900,4,0,4
3901,4,0,4
3902,4,0,4
3903,4,0,4
3904,4,0,4
3905,4,0,4
3906,4,0,4
3907,4,0,4
3908,4,0,4
3909,4,0,4
3910,4,0,4
3911,4,0,4
3912,4,0,4
3913,4,0,4
3914,4,0,4
3915,4,0,4
3916,4,0,4
3917,4,0,4
3918,4,0,4
3919,4,0,4
3920,4,0,4
3921,4,0,4
3922,4,0,4
3923,4,0,4
3924,4,0,4
3925,5,0,5
3926,5,0,5
3927,5,0,5
3928,5,0,5
3929,5,0,5
3930,5,0,5
3931,5,0,5
3932,5,0,5
3933,5,0,5
3934,5,0,5
3935,5,0,5
3936,5,0,5
3937,5,0,5
3938,5,0,5
3939,5,0,5
3940,5,0,5
3941,5,0,5
3942,5,0,5
3943,5,0,5
3944,5,0,5
3945,5,0,5
3946,5,0,5
3947,5,0,5
3948,5,0,5
3949,5,0,5
3950,5,0,5
3951,5,0,5
3952,5,0,5
3953,5,0,5
3954,5,0,5
3955,5,0,5
3956,5,0,5
3957,5,0,5
3958,5,0,5
3959,6,0,6
3960,6,0,6
3961,6,0,6
3962,6,0,6
3963,6,0,6
3964,6,0,6
3965,6,0,6
3966,6,0,6
3967,7,0,7
3968,7,0,7
3969,7,0,7
3970,7,0,7
3971,7,0,7
3972,7,0,7
3973,7,0,7
3974,8,0,8
3975,8,0,8
3976,8,0,8
3977,8,0,8
3978,9,0,9
3979,9,0,9
3980,9,0,9
3981,9,0,9
3982,9,0,9
3983,9,0,9
3984,9,0,9
3985,9,0,9
3986,9,0,9
3987,9,0,9
3988,9,0,9
3989,9,0,9
3990,9,0,9
3991,9,0,9
3992,9,0,9
3993,9,0,9
3994,9,0,9
3995,8,0,8
3996,8,0,8
3997,9,0,9
3998,9,0,9
3999,9,0,9
4000,9,0,9
4001,9,0,9
4002,10,0,10
4003,10,0,10
4004,10,0,10
4005,9,0,9
4006,9,0,9
4007,9,0,9
4008,9,0,9
4009,9,0,9
4010,9,0,9
4011,9,0,9
4012,9,0,9
4013,9,0,9
4014,9,0,9
4015,8,0,8
4016,7,0,7
4017,7,0,7
4018,7,0,7
4019,7,0,7
4020,7,0,7
4021,7,0,7
4022,7,0,7
4023,7,0,7
4024,7,0,7
4025,7,0,7
4026,7,0,7
4027,7,0,7
4028,7,0,7
4029,7,0,7
4030,7,0,7
4031,7,0,7
4032,7,0,7
4033,7,0,7
4034,7,0,7
4035,7,0,7
4036,7,0,7
4037,7,0,7
4038,7,0,7
4039,6,0,6
4040,6,0,6
4041,6,0,6
4042,6,0,6
4043,6,0,6
4044,6,0,6
4045,6,0,6
4046,6,0,6
4047,6,0,6
4048,6,0,6
4049,6,0,6
4050,6,0,6
4051,6,0,6
4052,6,0,6
4053,6,0,6
4054,6,0,6
4055,6,0,6
4056,6,0,6
4057,6,0,6
4058,6,0,6
4059,6,0,6
4060,6,0,6
4061,6,0,6
4062,6,0,6
4063,6,0,6
4064,6,0,6
4065,6,0,6
4066,6,0,6
4067,6,0,6
4068,6,0,6
4069,6,0,6
4070,6,0,6
4071,6,0,6
4072,6,0,6
4073,6,0,6
4074,6,0,6
4075,6,0,6
4076,6,0,6
4077,6,0,6
4078,6,0,6
4079,6,0,6
4080,6,0,6
4081,6,0,6
4082,6,0,6
4083,6,0,6
4084,6,0,6
4085,6,0,6
4086,6,0,6
4087,6,0,6
4088,6,0,6
4089,6,0,6
4090,6,0,6
4091,7,0,7
4092,7,0,7
4093,7,0,7
4094,7,0,7
4095,7,0,7
4096,7,0,7
4097,7,0,7
4098,7,0,7
4099,6,0,6
4100,6,0,6
4101,6,0,6
4102,6,0,6
4103,6,0,6
4104,6,0,6
4105,6,0,6
4106,6,0,6
4107,6,0,6
4108,6,0,6
4109,6,0,6
4110,6,0,6
4111,6,0,6
4112,6,0,6
4113,6,0,6
4114,6,0,6
4115,6,0,6
4116,6,0,6
4117,6,0,6
4118,6,0,6
4119,6,0,6
4120,6,0,6
4121,6,0,6
4122,6,0,6
4123,6,0,6
4124,6,0,6
4125,6,0,6
4126,6,0,6
4127,6,0,6
4128,6,0,6
4129,6,0,6
4130,6,0,6
4131,6,0,6
4132,6,0,6
4133,6,0,6
4134,6,0,6
4135,7,0,7
4136,7,0,7
4137,7,0,7
4138,7,0,7
4139,7,0,7
4140,7,0,7
4141,6,0,6
4142,6,0,6
4143,6,0,6
4144,6,0,6
4145,6,0,6
4146,6,0,6
4147,6,0,6
4148,6,0,6
4149,7,0,7
4150,7,0,7
4151,7,0,7
4152,7,0,7
4153,7,0,7
4154,7,0,7
4155,7,0,7
4156,7,0,7
4157,7,0,7
4158,7,0,7
4159,7,0,7
4160,7,0,7
4161,7,0,7
4162,7,0,7
4163,7,0,7
4164,7,0,7
4165,7,0,7
4166,7,0,7
4167,7,0,7
4168,7,0,7
4169,7,0,7
4170,7,0,7
4171,7,0,7
4172,7,0,7
4173,7,0,7
4174,7,0,7
4175,8,0,8
4176,8,0,8
4177,8,0,8
4178,8,0,8
4179,8,0,8
4180,8,0,8
4181,9,0,9
4182,9,0,9
4183,9,0,9
4184,9,0,9
4185,9,0,9
4186,9,0,9
4187,9,0,9
4188,9,0,9
4189,9,0,9
4190,9,0,9
4191,9,0,9
4192,9,0,9
4193,9,0,9
4194,9,0,9
4195,9,0,9
4196,9,0,9
4197,9,0,9
4198,9,0,9
4199,9,0,9
4200,9,0,9
4201,9,0,9
4202,9,0,9
4203,9,0,9
4204,9,0,9
4205,9,0,9
4206,9,0,9
4207,9,0,9
4208,9,0,9
4209,9,0,9
4210,9,0,9
4211,9,0,9
4212,9,0,9
4213,9,0,9
4214,9,0,9
4215,9,0,9
4216,9,0,9
4217,9,0,9
4218,9,0,9
4219,9,0,9
4220,9,0,9
4221,9,0,9
4222,9,0,9
4223,9,0,9
4224,9,0,9
4225,7,0,7
4226,7,0,7
4227,6,0,6
4228,6,0,6
4229,6,0,6
4230,6,0,6
4231,6,0,6
4232,6,0,6
4233,6,0,6
4234,6,0,6
4235,6,0,6
4236,6,0,6
4237,6,0,6
4238,6,0,6
4239,6,0,6
4240,6,0,6
4241,6,0,6
4242,6,0,6
4243,6,0,6
4244,6,0,6
4245,6,0,6
4246,6,0,6
4247,7,0,7
4248,7,0,7
4249,7,0,7
4250,7,0,7
4251,7,0,7
4252,7,0,7
4253,7,0,7
4254,7,0,7
4255,7,0,7
4256,7,0,7
4257,7,0,7
4258,7,0,7
4259,7,0,7
4260,7,0,7
4261,7,0,7
4262,7,0,7
4263,7,0,7
4264,7,0,7
4265,7,0,7
4266,7,0,7
4267,7,0,7
4268,7,0,7
4269,7,0,7
4270,7,0,7
4271,7,0,7
4272,7,0,7
4273,7,0,7
4274,7,0,7
4275,7,0,7
4276,7,0,7
4277,7,0,7
4278,7,0,7
4279,7,0,7
4280,7,0,7
4281,7,0,7
4282,7,0,7
4283,7,0,7
4284,7,0,7
4285,7,0,7
4286,7,0,7
4287,6,0,6
4288,6,0,6
4289,6,0,6
4290,6,0,6
4291,6,0,6
4292,6,0,6
4293,6,0,6
4294,6,0,6
4295,6,0,6
4296,6,0,6
4297,6,0,6
4298,6,0,6
4299,6,0,6
4300,6,0,6
4301,6,0,6
4302,6,0,6
4303,6,0,6
4304,6,0,6
4305,6,0,6
4306,6,0,6
4307,7,0,7
4308,7,0,7
4309,7,0,7
4310,7,0,7
4311,7,0,7
4312,7,0,7
4313,7,0,7
4314,7,0,7
4315,7,0,7
4316,7,0,7
4317,7,0,7
4318,7,0,7
4319,7,0,7
4320,7,0,7
4321,7,0,7
4322,7,0,7
4323,7,0,7
4324,7,0,7
4325,7,0,7
4326,7,0,7
4327,7,0,7
4328,8,0,8
4329,8,0,8
4330,8,0,8
4331,8,0,8
4332,8,0,8
4333,9,0,9
4334,9,0,9
4335,9,0,9
4336,9,0,9
4337,9,0,9
4338,9,0,9
4339,9,0,9
4340,9,0,9
4341,9,0,9
4342,7,0,7
4343,7,0,7
4344,7,0,7
4345,7,0,7
4346,7,0,7
4347,6,0,6
4348,6,0,6
4349,6,0,6
4350,6,0,6
4351,6,0,6
4352,6,0,6
4353,6,0,6
4354,6,0,6
4355,6,0,6
4356,6,0,6
4357,6,0,6
4358,6,0,6
4359,6,0,6
4360,6,0,6
4361,6,0,6
4362,6,0,6
4363,6,0,6
4364,6,0,6
4365,6,0,6
4366,6,0,6
4367,6,0,6
4368,6,0,6
4369,6,0,6
4370,6,0,6
4371,6,0,6
4372,6,0,6
4373,6,0,6
4374,6,0,6
4375,6,0,6
4376,6,0,6
4377,6,0,6
4378,6,0,6
4379,6,0,6
4380,6,0,6
4381,6,0,6
4382,6,0,6
4383,6,0,6
4384,6,0,6
4385,7,0,7
4386,6,0,6
4387,7,0,7
4388,7,0,7
4389,7,0,7
4390,7,0,7
4391,6,0,6
4392,5,0,5
4393,6,0,6
4394,6,0,6
4395,6,0,6
4396,6,0,6
4397,6,0,6
4398,6,0,6
4399,6,0,6
4400,6,0,6
4401,6,0,6
4402,6,0,6
4403,6,0,6
4404,6,0,6
4405,6,0,6
4406,6,0,6
4407,7,0,7
4408,7,0,7
4409,7,0,7
4410,7,0,7
4411,6,0,6
4412,6,0,6
4413,6,0,6
4414,6,0,6
4415,6,0,6
4416,6,0,6
4417,6,0,6
4418,6,0,6
4419,6,0,6
4420,6,0,6
4421,6,0,6
4422,6,0,6
4423,6,0,6
4424,6,0,6
4425,6,0,6
4426,6,0,6
4427,6,0,6
4428,6,0,6
4429,6,0,6
4430,6,0,6
4431,6,0,6
4432,6,0,6
4433,6,0,6
4434,6,0,6
4435,6,0,6
4436,6,0,6
4437,7,0,7
4438,7,0,7
4439,7,0,7
4440,7,0,7
4441,7,0,7
4442,7,0,7
4443,7,0,7
4444,7,0,7
4445,7,0,7
4446,7,0,7
4447,7,0,7
4448,7,0,7
4449,7,0,7
4450,6,0,6
4451,6,0,6
4452,6,0,6
4453,6,0,6
4454,6,0,6
4455,6,0,6
4456,6,0,6
4457,6,0,6
4458,6,0,6
4459,6,0,6
4460,6,0,6
4461,6,0,6
4462,6,0,6
4463,6,0,6
4464,6,0,6
4465,6,0,6
4466,6,0,6
4467,7,0,7
4468,7,0,7
4469,8,0,8
4470,8,0,8
4471,8,0,8
4472,9,0,9
4473,9,0,9
4474,9,0,9
4475,8,0,8
4476,8,0,8
4477,8,0,8
4478,8,0,8
4479,8,0,8
4480,8,0,8
4481,8,0,8
4482,8,0,8
4483,8,0,8
4484,8,0,8
4485,8,0,8
4486,8,0,8
4487,8,0,8
4488,8,0,8
4489,8,0,8
4490,8,0,8
4491,8,0,8
4492,8,0,8
4493,8,0,8
4494,8,0,8
4495,8,0,8
4496,8,0,8
4497,8,0,8
4498,8,0,8
4499,8,0,8
4500,8,0,8
4501,8,0,8
4502,8,0,8
4503,8,0,8
4504,8,0,8
4505,8,0,8
4506,8,0,8
4507,9,0,9
4508,9,0,9
4509,9,0,9
4510,9,0,9
4511,9,0,9
4512,9,0,9
4513,9,0,9
4514,9,0,9
4515,9,0,9
4516,9,0,9
4517,9,0,9
4518,9,0,9
4519,9,0,9
4520,9,0,9
4521,9,0,9
4522,10,0,10
4523,10,0,10
4524,10,0,10
4525,9,0,9
4526,9,0,9
4527,9,0,9
4528,9,0,9
4529,9,0,9
4530,9,0,9
4531,9,0,9
4532,9,0,9
4533,9,0,9
4534,10,0,10
4535,10,0,10
4536,9,0,9
4537,9,0,9
4538,9,0,9
4539,9,0,9
4540,9,0,9
4541,10,0,10
4542,10,0,10
4543,9,0,9
4544,9,0,9
4545,9,0,9
4546,9,0,9
4547,9,0,9
4548,9,0,9
4549,9,0,9
4550,10,0,10
4551,10,0,10
4552,10,0,10
4553,11,0,11
4554,10,0,10
4555,10,0,10
4556,10,0,10
4557,10,0,10
4558,10,0,10
4559,10,0,10
4560,10,0,10
4561,10,0,10
4562,10,0,10
4563,10,0,10
4564,10,0,10
4565,10,0,10
4566,9,0,9
4567,9,0,9
4568,9,0,9
4569,9,0,9
4570,9,0,9
4571,9,0,9
4572,9,0,9
4573,9,0,9
4574,10,0,10
4575,10,0,10
4576,9,0,9
4577,9,0,9
4578,9,0,9
4579,8,0,8
4580,9,0,9
4581,9,0,9
4582,9,0,9
4583,9,0,9
4584,9,0,9
4585,9,0,9
4586,9,0,9
4587,9,0,9
4588,8,0,8
4589,8,0,8
4590,8,0,8
4591,8,0,8
4592,8,0,8
4593,8,0,8
4594,8,0,8
4595,8,0,8
4596,8,0,8
4597,8,0,8
4598,8,0,8
4599,8,0,8
4600,8,0,8
4601,8,0,8
4602,8,0,8
4603,8,0,8
4604,8,0,8
4605,8,0,8
4606,8,0,8
4607,8,0,8
4608,8,0,8
4609,8,0,8
4610,8,0,8
4611,7,0,7
4612,7,0,7
4613,7,0,7
4614,7,0,7
4615,7,0,7
4616,8,0,8
4617,8,0,8
4618,8,0,8
4619,8,0,8
4620,9,0,9
4621,8,0,8
4622,8,0,8
4623,8,0,8
4624,8,0,8
4625,8,0,8
4626,8,0,8
4627,8,0,8
4628,8,0,8
4629,8,0,8
4630,8,0,8
4631,8,0,8
4632,8,0,8
4633,8,0,8
4634,9,0,9
4635,9,0,9
4636,9,0,9
4637,9,0,9
4638,9,0,9
4639,9,0,9
4640,8,0,8
4641,8,0,8
4642,8,0,8
4643,9,0,9
4644,9,0,9
4645,9,0,9
4646,8,0,8
4647,7,0,7
4648,7,0,7
4649,7,0,7
4650,7,0,7
4651,7,0,7
4652,7,0,7
4653,7,0,7
4654,7,0,7
4655,7,0,7
4656,7,0,7
4657,7,0,7
4658,7,0,7
4659,8,0,8
4660,7,0,7
4661,7,0,7
4662,7,0,7
4663,7,0,7
4664,7,0,7
4665,7,0,7
4666,7,0,7
4667,8,0,8
4668,8,0,8
4669,8,0,8
4670,8,0,8
4671,8,0,8
4672,8,0,8
4673,8,0,8
4674,8,0,8
4675,8,0,8
4676,8,0,8
4677,8,0,8
4678,8,0,8
4679,8,0,8
4680,8,0,8
4681,8,0,8
4682,8,0,8
4683,9,0,9
4684,9,0,9
4685,9,0,9
4686,9,0,9
4687,9,0,9
4688,9,0,9
4689,9,0,9
4690,9,0,9
4691,9,0,9
4692,9,0,9
4693,9,0,9
4694,9,0,9
4695,8,0,8
4696,8,0,8
4697,8,0,8
4698,8,0,8
4699,9,0,9
4700,9,0,9
4701,9,0,9
4702,9,0,9
4703,9,0,9
4704,9,0,9
4705,10,0,10
4706,10,0,10
4707,10,0,10
4708,11,0,11
4709,11,0,11
4710,11,0,11
4711,11,0,11
4712,11,0,11
4713,11,0,11
4714,11,0,11
4715,11,0,11
4716,11,0,11
4717,11,0,11
4718,10,0,10
4719,10,0,10
4720,11,0,11
4721,10,0,10
4722,10,0,10
4723,10,0,10
4724,9,0,9
4725,9,0,9
4726,9,0,9
4727,9,0,9
4728,9,0,9
4729,9,0,9
4730,9,0,9
4731,9,0,9
4732,9,0,9
4733,9,0,9
4734,9,0,9
4735,9,0,9
4736,8,0,8
4737,8,0,8
4738,8,0,8
4739,8,0,8
4740,8,0,8
4741,8,0,8
4742,8,0,8
4743,7,0,7
4744,6,0,6
4745,7,0,7
4746,8,0,8
4747,8,0,8
4748,8,0,8
4749,8,0,8
4750,8,0,8
4751,8,0,8
4752,8,0,8
4753,7,0,7
4754,7,0,7
4755,7,0,7
4756,7,0,7
4757,7,0,7
4758,6,0,6
4759,6,0,6
4760,5,0,5
4761,6,0,6
4762,6,0,6
4763,6,0,6
4764,6,0,6
4765,6,0,6
4766,6,0,6
4767,6,0,6
4768,6,0,6
4769,6,0,6
4770,6,0,6
4771,6,0,6
4772,7,0,7
4773,7,0,7
4774,7,0,7
4775,7,0,7
4776,7,0,7
4777,7,0,7
4778,7,0,7
4779,7,0,7
4780,7,0,7
4781,7,0,7
4782,7,0,7
4783,7,0,7
4784,7,0,7
4785,7,0,7
4786,7,0,7
4787,7,0,7
4788,7,0,7
4789,7,0,7
4790,7,0,7
4791,7,0,7
4792,8,0,8
4793,7,0,7
4794,7,0,7
4795,7,0,7
4796,7,0,7
4797,7,0,7
4798,7,0,7
4799,7,0,7
4800,7,0,7
4801,7,0,7
4802,7,0,7
4803,7,0,7
4804,7,0,7
4805,7,0,7
4806,7,0,7
4807,7,0,7
4808,7,0,7
4809,7,0,7
4810,7,0,7
4811,8,0,8
4812,8,0,8
4813,8,0,8
4814,8,0,8
4815,8,0,8
4816,8,0,8
4817,8,0,8
4818,8,0,8
4819,8,0,8
4820,8,0,8
4821,9,0,9
4822,9,0,9
4823,9,0,9
4824,8,0,8
4825,8,0,8
4826,8,0,8
4827,8,0,8
4828,8,0,8
4829,8,0,8
4830,8,0,8
4831,8,0,8
4832,8,0,8
4833,8,0,8
4834,8,0,8
4835,8,0,8
4836,8,0,8
4837,8,0,8
4838,9,0,9
4839,9,0,9
4840,9,0,9
4841,9,0,9
4842,9,0,9
4843,9,0,9
4844,9,0,9
4845,10,0,10
4846,9,0,9
4847,9,0,9
4848,9,0,9
4849,9,0,9
4850,9,0,9
4851,10,0,10
4852,10,0,10
4853,10,0,10
4854,10,0,10
4855,10,0,10
4856,10,0,10
4857,10,0,10
4858,11,0,11
4859,10,0,10
4860,10,0,10
4861,10,0,10
4862,10,0,10
4863,10,0,10
4864,10,0,10
4865,11,0,11
4866,11,0,11
4867,11,0,11
4868,11,0,11
4869,11,0,11
4870,10,0,10
4871,10,0,10
4872,9,0,9
4873,8,0,8
4874,8,0,8
4875,8,0,8
4876,8,0,8
4877,8,0,8
4878,8,0,8
4879,8,0,8
4880,8,0,8
4881,8,0,8
4882,8,0,8
4883,8,0,8
4884,8,0,8
4885,8,0,8
4886,7,0,7
4887,8,0,8
4888,8,0,8
4889,8,0,8
4890,8,0,8
4891,8,0,8
4892,8,0,8
4893,8,0,8
4894,8,0,8
4895,8,0,8
4896,9,0,9
4897,9,0,9
4898,8,0,8
4899,8,0,8
4900,8,0,8
4901,9,0,9
4902,9,0,9
4903,9,0,9
4904,9,0,9
4905,8,0,8
4906,8,0,8
4907,8,0,8
4908,8,0,8
4909,8,0,8
4910,8,0,8
4911,8,0,8
4912,8,0,8
4913,8,0,8
4914,8,0,8
4915,8,0,8
4916,8,0,8
4917,8,0,8
4918,7,0,7
4919,7,0,7
4920,7,0,7
4921,8,0,8
4922,8,0,8
4923,8,0,8
4924,8,0,8
4925,8,0,8
4926,8,0,8
4927,8,0,8
4928,8,0,8
4929,8,0,8
4930,8,0,8
4931,8,0,8
4932,8,0,8
4933,8,0,8
4934,8,0,8
4935,8,0,8
4936,8,0,8
4937,8,0,8
4938,8,0,8
4939,8,0,8
4940,8,0,8
4941,8,0,8
4942,8,0,8
4943,8,0,8
4944,8,0,8
4945,7,0,7
4946,7,0,7
4947,8,0,8
4948,8,0,8
4949,8,0,8
4950,8,0,8
4951,8,0,8
4952,7,0,7
4953,7,0,7
4954,7,0,7
4955,8,0,8
4956,7,0,7
4957,5,0,5
4958,5,0,5
4959,5,0,5
4960,6,0,6
4961,6,0,6
4962,6,0,6
4963,6,0,6
4964,6,0,6
4965,6,0,6
4966,5,0,5
4967,5,0,5
4968,6,0,6
4969,6,0,6
4970,6,0,6
4971,6,0,6
4972,6,0,6
4973,6,0,6
4974,6,0,6
4975,6,0,6
4976,6,0,6
4977,6,0,6
4978,6,0,6
4979,6,0,6
4980,6,0,6
4981,6,0,6
4982,6,0,6
4983,6,0,6
4984,6,0,6
4985,6,0,6
4986,6,0,6
4987,6,0,6
4988,6,0,6
4989,6,0,6
4990,6,0,6
4991,6,0,6
4992,6,0,6
4993,6,0,6
4994,6,0,6
4995,6,0,6
4996,6,0,6
4997,6,0,6
4998,7,0,7
4999,7,0,7
5000,7,0,7
5001,8,0,8
5002,8,0,8
5003,8,0,8
5004,8,0,8
5005,8,0,8
5006,8,0,8
5007,8,0,8
5008,8,0,8
5009,8,0,8
5010,7,0,7
5011,7,0,7
5012,7,0,7
5013,7,0,7
5014,7,0,7
5015,7,0,7
5016,7,0,7
5017,7,0,7
5018,7,0,7
5019,7,0,7
5020,7,0,7
5021,7,0,7
5022,7,0,7
5023,7,0,7
5024,7,0,7
5025,8,0,8
5026,8,0,8
5027,8,0,8
5028,8,0,8
5029,8,0,8
5030,8,0,8
5031,8,0,8
5032,8,0,8
5033,8,0,8
5034,8,0,8
5035,8,0,8
5036,7,0,7
5037,7,0,7
5038,7,0,7
5039,7,0,7
5040,7,0,7
5041,6,0,6
5042,6,0,6
5043,6,0,6
5044,7,0,7
5045,7,0,7
5046,7,0,7
5047,7,0,7
5048,7,0,7
5049,7,0,7
5050,7,0,7
5051,7,0,7
5052,7,0,7
5053,8,0,8
5054,8,0,8
5055,8,0,8
5056,8,0,8
5057,8,0,8
5058,8,0,8
5059,8,0,8
5060,8,0,8
5061,8,0,8
5062,8,0,8
5063,8,0,8
5064,7,0,7
5065,7,0,7
5066,7,0,7
5067,7,0,7
5068,7,0,7
5069,7,0,7
5070,7,0,7
5071,7,0,7
5072,6,0,6
5073,6,0,6
5074,6,0,6
5075,6,0,6
5076,6,0,6
5077,6,0,6
5078,6,0,6
5079,6,0,6
5080,6,0,6
5081,6,0,6
5082,5,0,5
5083,5,0,5
5084,5,0,5
5085,5,0,5
5086,5,0,5
5087,5,0,5
5088,5,0,5
5089,5,0,5
5090,5,0,5
5091,5,0,5
5092,5,0,5
5093,5,0,5
5094,5,0,5
5095,5,0,5
5096,5,0,5
5097,5,0,5
5098,5,0,5
5099,5,0,5
5100,5,0,5
5101,5,0,5
5102,5,0,5
5103,5,0,5
5104,5,0,5
5105,5,0,5
5106,5,0,5
5107,5,0,5
5108,5,0,5
5109,5,0,5
5110,5,0,5
5111,5,0,5
5112,5,0,5
5113,5,0,5
5114,5,0,5
5115,5,0,5
5116,6,0,6
5117,6,0,6
5118,6,0,6
5119,6,0,6
5120,6,0,6
5121,6,0,6
5122,6,0,6
5123,6,0,6
5124,6,0,6
5125,6,0,6
5126,5,0,5
5127,5,0,5
5128,5,0,5
5129,5,0,5
5130,5,0,5
5131,4,0,4
5132,4,0,4
5133,4,0,4
5134,4,0,4
5135,4,0,4
5136,4,0,4
5137,4,0,4
5138,4,0,4
5139,4,0,4
5140,4,0,4
5141,4,0,4
5142,4,0,4
5143,4,0,4
5144,4,0,4
5145,4,0,4
5146,4,0,4
5147,4,0,4
5148,4,0,4
5149,4,0,4
5150,4,0,4
5151,4,0,4
5152,4,0,4
5153,4,0,4
5154,4,0,4
5155,4,0,4
5156,4,0,4
5157,4,0,4
5158,4,0,4
5159,4,0,4
5160,4,0,4
5161,4,0,4
5162,4,0,4
5163,4,0,4
5164,4,0,4
5165,4,0,4
5166,4,0,4
5167,4,0,4
5168,4,0,4
5169,4,0,4
5170,4,0,4
5171,4,0,4
5172,4,0,4
5173,4,0,4
5174,4,0,4
5175,4,0,4
5176,4,0,4
5177,4,0,4
5178,4,0,4
5179,4,0,4
5180,4,0,4
5181,4,0,4
5182,4,0,4
5183,4,0,4
5184,4,0,4
5185,4,0,4
5186,4,0,4
5187,4,0,4
5188,4,0,4
5189,4,0,4
5190,4,0,4
5191,4,0,4
5192,4,0,4
5193,4,0,4
5194,4,0,4
5195,4,0,4
5196,4,0,4
5197,4,0,4
5198,4,0,4
5199,4,0,4
5200,4,0,4
5201,4,0,4
5202,4,0,4
5203,4,0,4
5204,4,0,4
5205,4,0,4
5206,4,0,4
5207,4,0,4
5208,3,0,3
5209,3,0,3
5210,3,0,3
5211,3,0,3
5212,3,0,3
5213,3,0,3
5214,3,0,3
5215,3,0,3
5216,3,0,3
5217,3,0,3
5218,3,0,3
5219,3,0,3
5220,3,0,3
5221,3,0,3
5222,3,0,3
5223,3,0,3
5224,3,0,3
5225,3,0,3
5226,3,0,3
5227,3,0,3
5228,3,0,3
5229,3,0,3
5230,3,0,3
5231,3,0,3
5232,3,0,3
5233,3,0,3
5234,3,0,3
5235,3,0,3
5236,3,0,3
5237,3,0,3
5238,3,0,3
5239,3,0,3
5240,3,0,3
5241,3,0,3
5242,3,0,3
5243,3,0,3
5244,3,0,3
5245,3,0,3
5246,3,0,3
5247,3,0,3
5248,3,0,3
5249,3,0,3
5250,2,0,2
5251,2,0,2
5252,2,0,2
5253,2,0,2
5254,2,0,2
5255,2,0,2
5256,2,0,2
5257,2,0,2
5258,2,0,2
5259,2,0,2
5260,2,0,2
5261,2,0,2
5262,2,0,2
5263,2,0,2
5264,2,0,2
5265,3,0,3
5266,3,0,3
5267,3,0,3
5268,3,0,3
5269,3,0,3
5270,3,0,3
5271,3,0,3
5272,3,0,3
5273,3,0,3
5274,3,0,3
5275,3,0,3
5276,3,0,3
5277,3,0,3
5278,3,0,3
5279,3,0,3
5280,3,0,3
5281,3,0,3
5282,4,0,4
5283,4,0,4
5284,4,0,4
5285,4,0,4
5286,4,0,4
5287,4,0,4
5288,4,0,4
5289,4,0,4
5290,4,0,4
5291,4,0,4
5292,4,0,4
5293,4,0,4
5294,4,0,4
5295,4,0,4
5296,4,0,4
5297,4,0,4
5298,4,0,4
5299,4,0,4
5300,4,0,4
5301,4,0,4
5302,4,0,4
5303,4,0,4
5304,4,0,4
5305,4,0,4
5306,4,0,4
5307,4,0,4
5308,4,0,4
5309,4,0,4
5310,4,0,4
5311,4,0,4
5312,4,0,4
5313,4,0,4
5314,4,0,4
5315,4,0,4
5316,4,0,4
5317,4,0,4
5318,4,0,4
5319,4,0,4
5320,4,0,4
5321,5,0,5
5322,5,0,5
5323,5,0,5
5324,5,0,5
5325,5,0,5
5326,5,0,5
5327,5,0,5
5328,5,0,5
5329,5,0,5
5330,5,0,5
5331,5,0,5
5332,5,0,5
5333,5,0,5
5334,5,0,5
5335,5,0,5
5336,5,0,5
5337,5,0,5
5338,5,0,5
5339,5,0,5
5340,5,0,5
5341,5,0,5
5342,5,0,5
5343,5,0,5
5344,5,0,5
5345,5,0,5
5346,5,0,5
5347,5,0,5
5348,5,0,5
5349,5,0,5
5350,5,0,5
5351,5,0,5
5352,5,0,5
5353,5,0,5
5354,5,0,5
5355,4,0,4
5356,4,0,4
5357,4,0,4
5358,5,0,5
5359,5,0,5
5360,5,0,5
5361,5,0,5
5362,5,0,5
5363,5,0,5
5364,5,0,5
5365,5,0,5
5366,5,0,5
5367,4,0,4
5368,4,0,4
5369,4,0,4
5370,4,0,4
5371,4,0,4
5372,4,0,4
5373,4,0,4
5374,4,0,4
5375,5,0,5
5376,5,0,5
5377,5,0,5
5378,5,0,5
5379,5,0,5
5380,5,0,5
5381,5,0,5
5382,5,0,5
5383,5,0,5
5384,6,0,6
5385,6,0,6
5386,6,0,6
5387,6,0,6
5388,6,0,6
5389,6,0,6
5390,6,0,6
5391,5,0,5
5392,5,0,5
5393,4,0,4
5394,4,0,4
5395,4,0,4
5396,4,0,4
5397,4,0,4
5398,4,0,4
5399,4,0,4
5400,4,0,4
5401,4,0,4
5402,4,0,4
5403,4,0,4
5404,4,0,4
5405,4,0,4
5406,4,0,4
5407,4,0,4
5408,4,0,4
5409,4,0,4
5410,4,0,4
5411,4,0,4
5412,4,0,4
5413,4,0,4
5414,3,0,3
5415,3,0,3
5416,3,0,3
5417,3,0,3
5418,3,0,3
5419,3,0,3
5420,3,0,3
5421,3,0,3
5422,3,0,3
5423,3,0,3
5424,3,0,3
5425,3,0,3
5426,3,0,3
5427,3,0,3
5428,3,0,3
5429,3,0,3
5430,3,0,3
5431,3,0,3
5432,3,0,3
5433,3,0,3
5434,3,0,3
5435,3,0,3
5436,3,0,3
5437,3,0,3
5438,3,0,3
5439,3,0,3
5440,3,0,3
5441,2,0,2
5442,2,0,2
5443,2,0,2
5444,2,0,2
5445,2,0,2
5446,2,0,2
5447,2,0,2
5448,2,0,2
5449,2,0,2
5450,2,0,2
5451,2,0,2
5452,2,0,2
5453,2,0,2
5454,2,0,2
5455,2,0,2
5456,2,0,2
5457,2,0,2
5458,2,0,2
5459,2,0,2
5460,2,0,2
5461,2,0,2
5462,2,0,2
5463,2,0,2
5464,2,0,2
5465,2,0,2
5466,2,0,2
5467,2,0,2
5468,2,0,2
5469,2,0,2
5470,2,0,2
5471,2,0,2
5472,2,0,2
5473,2,0,2
5474,2,0,2
5475,3,0,3
5476,3,0,3
5477,3,0,3
5478,3,0,3
5479,3,0,3
5480,3,0,3
5481,3,0,3
5482,3,0,3
5483,3,0,3
5484,3,0,3
5485,3,0,3
5486,3,0,3
5487,3,0,3
5488,3,0,3
5489,3,0,3
5490,3,0,3
5491,3,0,3
5492,3,0,3
5493,3,0,3
5494,3,0,3
5495,3,0,3
5496,3,0,3
5497,3,0,3
5498,3,0,3
5499,3,0,3
5500,3,0,3
5501,3,0,3
5502,3,0,3
5503,3,0,3
5504,3,0,3
5505,3,0,3
5506,3,0,3
5507,3,0,3
5508,3,0,3
5509,3,0,3
5510,3,0,3
5511,3,0,3
5512,3,0,3
5513,3,0,3
5514,3,0,3
5515,3,0,3
5516,3,0,3
5517,3,0,3
5518,3,0,3
5519,3,0,3
5520,3,0,3
5521,3,0,3
5522,3,0,3
5523,3,0,3
5524,3,0,3
5525,3,0,3
5526,2,0,2
5527,3,0,3
5528,3,0,3
5529,3,0,3
5530,3,0,3
5531,3,0,3
5532,3,0,3
5533,3,0,3
5534,3,0,3
5535,3,0,3
5536,3,0,3
5537,3,0,3
5538,3,0,3
5539,3,0,3
5540,3,0,3
5541,3,0,3
5542,3,0,3
5543,3,0,3
5544,3,0,3
5545,3,0,3
5546,3,0,3
5547,3,0,3
5548,3,0,3
5549,3,0,3
5550,3,0,3
5551,3,0,3
5552,3,0,3
5553,3,0,3
5554,3,0,3
5555,3,0,3
5556,3,0,3
5557,3,0,3
5558,3,0,3
5559,3,0,3
5560,3,0,3
5561,3,0,3
5562,3,0,3
5563,3,0,3
5564,3,0,3
5565,3,0,3
5566,3,0,3
5567,3,0,3
5568,3,0,3
5569,3,0,3
5570,3,0,3
5571,3,0,3
5572,3,0,3
5573,3,0,3
5574,3,0,3
5575,3,0,3
5576,3,0,3
5577,3,0,3
5578,3,0,3
5579,3,0,3
5580,3,0,3
5581,3,0,3
5582,3,0,3
5583,3,0,3
5584,3,0,3
5585,3,0,3
5586,3,0,3
5587,3,0,3
5588,3,0,3
5589,3,0,3
5590,3,0,3
5591,3,0,3
5592,3,0,3
5593,3,0,3
5594,3,0,3
5595,3,0,3
5596,3,0,3
5597,3,0,3
5598,3,0,3
5599,3,0,3
5600,3,0,3
5601,3,0,3
5602,3,0,3
5603,3,0,3
5604,3,0,3
5605,3,0,3
5606,3,0,3
5607,3,0,3
5608,3,0,3
5609,3,0,3
5610,3,0,3
5611,3,0,3
5612,3,0,3
5613,3,0,3
5614,3,0,3
5615,3,0,3
5616,3,0,3
5617,3,0,3
5618,3,0,3
5619,3,0,3
5620,3,0,3
5621,3,0,3
5622,3,0,3
5623,3,0,3
5624,3,0,3
5625,3,0,3
5626,3,0,3
5627,3,0,3
5628,3,0,3
5629,3,0,3
5630,3,0,3
5631,3,0,3
5632,3,0,3
5633,3,0,3
5634,3,0,3
5635,3,0,3
5636,3,0,3
5637,3,0,3
5638,3,0,3
5639,3,0,3
5640,3,0,3
5641,3,0,3
5642,3,0,3
5643,3,0,3
5644,4,0,4
5645,4,0,4
5646,3,0,3
5647,3,0,3
5648,3,0,3
5649,3,0,3
5650,3,0,3
5651,3,0,3
5652,3,0,3
5653,3,0,3
5654,3,0,3
5655,3,0,3
5656,3,0,3
5657,3,0,3
5658,3,0,3
5659,3,0,3
5660,3,0,3
5661,3,0,3
5662,3,0,3
5663,3,0,3
5664,3,0,3
5665,3,0,3
5666,3,0,3
5667,3,0,3
5668,3,0,3
5669,3,0,3
5670,3,0,3
5671,3,0,3
5672,3,0,3
5673,3,0,3
5674,3,0,3
5675,3,0,3
5676,3,0,3
5677,3,0,3
5678,3,0,3
5679,3,0,3
5680,3,0,3
5681,3,0,3
5682,3,0,3
5683,3,0,3
5684,3,0,3
5685,3,0,3
5686,3,0,3
5687,3,0,3
5688,3,0,3
5689,3,0,3
5690,3,0,3
5691,3,0,3
5692,3,0,3
5693,2,1,3
5694,2,1,3
5695,2,1,3
5696,2,1,3
5697,2,1,3
5698,2,1,3
5699,2,1,3
5700,2,1,3
5701,2,1,3
5702,2,1,3
5703,2,1,3
5704,2,1,3
5705,2,1,3
5706,2,1,3
5707,2,1,3
5708,2,1,3
5709,2,1,3
5710,3,1,4
5711,3,1,4
5712,3,1,4
5713,3,1,4
5714,3,1,4
5715,3,1,4
5716,3,1,4
5717,3,1,4
5718,3,1,4
5719,5,0,5
5720,5,0,5
5721,5,0,5
5722,5,0,5
5723,5,0,5
5724,5,0,5
5725,4,0,4
5726,4,0,4
5727,4,0,4
5728,4,0,4
5729,4,0,4
5730,4,0,4
5731,4,0,4
5732,5,0,5
5733,5,0,5
5734,5,0,5
5735,5,0,5
5736,5,0,5
5737,5,0,5
5738,5,0,5
5739,5,0,5
5740,5,0,5
5741,5,0,5
5742,5,0,5
5743,5,0,5
5744,4,0,4
5745,4,0,4
5746,3,0,3
5747,3,0,3
5748,3,0,3
5749,3,0,3
5750,3,0,3
5751,4,0,4
5752,4,0,4
5753,4,0,4
5754,4,0,4
5755,4,0,4
5756,4,0,4
5757,4,0,4
5758,4,0,4
5759,4,0,4
5760,4,0,4
5761,4,0,4
5762,4,0,4
5763,4,0,4
5764,4,0,4
5765,4,0,4
5766,4,0,4
5767,4,0,4
5768,4,0,4
5769,4,0,4
5770,4,0,4
5771,4,0,4
5772,4,0,4
5773,4,0,4
5774,4,0,4
5775,4,0,4
5776,4,0,4
5777,4,0,4
5778,3,0,3
5779,3,0,3
5780,3,0,3
5781,3,0,3
5782,3,0,3
5783,3,0,3
5784,3,0,3
5785,3,0,3
5786,3,0,3
5787,3,0,3
5788,3,0,3
5789,3,0,3
5790,3,0,3
5791,3,0,3
5792,3,0,3
5793,3,0,3
5794,3,0,3
5795,3,0,3
5796,3,0,3
5797,3,0,3
5798,3,0,3
5799,3,0,3
5800,3,0,3
5801,3,0,3
5802,3,0,3
5803,3,0,3
5804,3,0,3
5805,3,0,3
5806,3,0,3
5807,3,0,3
5808,3,0,3
5809,3,0,3
5810,3,0,3
5811,3,0,3
5812,3,0,3
5813,3,0,3
5814,3,0,3
5815,3,0,3
5816,3,0,3
5817,3,0,3
5818,3,0,3
5819,3,0,3
5820,3,0,3
5821,3,0,3
5822,3,0,3
5823,3,0,3
5824,3,0,3
5825,3,0,3
5826,3,0,3
5827,3,0,3
5828,3,0,3
5829,3,0,3
5830,3,0,3
5831,3,0,3
5832,3,0,3
5833,3,0,3
5834,3,0,3
5835,3,0,3
5836,3,0,3
5837,3,0,3
5838,2,0,2
5839,2,0,2
5840,2,0,2
5841,2,0,2
5842,2,0,2
5843,2,0,2
5844,3,0,3
5845,3,0,3
5846,3,0,3
5847,3,0,3
5848,3,0,3
5849,3,0,3
5850,3,0,3
5851,3,0,3
5852,3,0,3
5853,3,0,3
5854,3,0,3
5855,3,0,3
5856,3,0,3
5857,3,0,3
5858,3,0,3
5859,3,0,3
5860,3,0,3
5861,3,0,3
5862,3,0,3
5863,3,0,3
5864,3,0,3
5865,3,0,3
5866,3,0,3
5867,3,0,3
5868,3,0,3
5869,3,0,3
5870,3,0,3
5871,3,0,3
5872,3,0,3
5873,3,0,3
5874,3,0,3
5875,3,0,3
5876,3,0,3
5877,3,0,3
5878,3,0,3
5879,3,0,3
5880,3,0,3
5881,3,0,3
5882,3,0,3
5883,3,0,3
5884,3,0,3
5885,3,0,3
5886,3,0,3
5887,3,0,3
5888,3,0,3
5889,3,0,3
5890,3,0,3
5891,3,0,3
5892,3,0,3
5893,3,0,3
5894,3,0,3
5895,3,0,3
5896,3,0,3
5897,3,0,3
5898,3,0,3
5899,3,0,3
5900,3,0,3
5901,3,0,3
5902,3,0,3
5903,3,0,3
5904,3,0,3
5905,3,0,3
5906,3,0,3
5907,3,0,3
5908,3,0,3
5909,3,0,3
5910,2,0,2
5911,2,0,2
5912,2,0,2
5913,2,0,2
5914,2,0,2
5915,2,0,2
5916,2,0,2
5917,2,0,2
5918,2,0,2
5919,2,0,2
5920,2,0,2
5921,3,0,3
5922,3,0,3
5923,3,0,3
5924,3,0,3
5925,3,0,3
5926,3,0,3
5927,3,0,3
5928,3,0,3
5929,3,0,3
5930,3,0,3
5931,3,0,3
5932,3,0,3
5933,3,0,3
5934,2,0,2
5935,2,0,2
5936,2,0,2
5937,2,0,2
5938,2,0,2
5939,2,0,2
5940,2,0,2
5941,2,0,2
5942,2,0,2
5943,2,0,2
5944,2,0,2
5945,2,0,2
5946,2,0,2
5947,2,0,2
5948,2,0,2
5949,2,0,2
5950,2,0,2
5951,2,0,2
5952,2,0,2
5953,2,0,2
5954,2,0,2
5955,2,0,2
5956,2,0,2
5957,2,0,2
5958,2,0,2
5959,2,0,2
5960,2,0,2
5961,2,0,2
5962,2,0,2
5963,2,0,2
5964,2,0,2
5965,2,0,2
5966,2,0,2
5967,2,0,2
5968,2,0,2
5969,2,0,2
5970,2,0,2
5971,2,0,2
5972,2,0,2
5973,2,0,2
5974,2,0,2
5975,2,0,2
5976,2,0,2
5977,2,0,2
5978,2,0,2
5979,2,0,2
5980,2,0,2
5981,2,0,2
5982,2,0,2
5983,2,0,2
5984,2,0,2
5985,2,0,2
5986,2,0,2
5987,2,0,2
5988,2,0,2
5989,2,0,2
5990,2,0,2
5991,2,0,2
5992,2,0,2
5993,2,0,2
5994,2,0,2
5995,2,0,2
5996,2,0,2
5997,2,0,2
5998,2,0,2
5999,2,0,2
6000,2,0,2
6001,2,0,2
6002,2,0,2
6003,2,0,2
6004,2,0,2
6005,2,0,2
6006,2,0,2
6007,2,0,2
6008,2,0,2
6009,2,0,2
6010,2,0,2
6011,2,0,2
6012,2,0,2
6013,2,0,2
6014,2,0,2
6015,2,0,2
6016,2,0,2
6017,2,0,2
6018,2,0,2
6019,2,0,2
6020,2,0,2
6021,2,0,2
6022,2,0,2
6023,2,0,2
6024,2,0,2
6025,2,0,2
6026,2,0,2
6027,2,0,2
6028,2,0,2
6029,2,0,2
6030,2,0,2
6031,2,0,2
6032,2,0,2
6033,2,0,2
6034,2,0,2
6035,2,0,2
6036,2,0,2
6037,2,0,2
6038,2,0,2
6039,2,0,2
6040,2,0,2
6041,2,0,2
6042,2,0,2
6043,2,0,2
6044,2,0,2
6045,2,0,2
6046,2,0,2
6047,2,0,2
6048,2,0,2
6049,2,0,2
6050,2,0,2
6051,2,0,2
6052,2,0,2
6053,2,0,2
6054,2,0,2
6055,2,0,2
6056,2,0,2
6057,2,0,2
6058,2,0,2
6059,2,0,2
6060,2,0,2
6061,2,0,2
6062,2,0,2
6063,2,0,2
6064,2,0,2
6065,2,0,2
6066,2,0,2
6067,2,0,2
6068,2,0,2
6069,2,0,2
6070,2,0,2
6071,2,0,2
6072,2,0,2
6073,2,0,2
6074,2,0,2
6075,2,0,2
6076,2,0,2
6077,2,0,2
6078,2,0,2
6079,2,0,2
6080,2,0,2
6081,2,0,2
6082,2,0,2
6083,2,0,2
6084,2,0,2
6085,2,0,2
6086,2,0,2
6087,2,0,2
6088,2,0,2
6089,2,0,2
6090,2,0,2
6091,2,0,2
6092,2,0,2
6093,2,0,2
6094,2,0,2
6095,2,0,2
6096,2,0,2
6097,2,0,2
6098,2,0,2
6099,2,0,2
6100,2,0,2
6101,2,0,2
6102,2,0,2
6103,2,0,2
6104,2,0,2
6105,2,0,2
6106,2,0,2
6107,2,0,2
6108,2,0,2
6109,2,0,2
6110,2,0,2
6111,2,0,2
6112,2,0,2
6113,2,0,2
6114,2,0,2
6115,2,0,2
6116,2,0,2
6117,2,0,2
6118,2,0,2
6119,2,0,2
6120,2,0,2
6121,2,0,2
6122,2,0,2
6123,2,0,2
6124,2,0,2
6125,2,0,2
6126,2,0,2
6127,2,0,2
6128,2,0,2
6129,2,0,2
6130,2,0,2
6131,2,0,2
6132,2,0,2
6133,2,0,2
6134,2,0,2
6135,2,0,2
6136,2,0,2
6137,2,0,2
6138,2,0,2
6139,2,0,2
6140,2,0,2
6141,2,0,2
6142,2,0,2
6143,2,0,2
6144,2,0,2
6145,2,0,2
6146,2,0,2
6147,2,0,2
6148,2,0,2
6149,2,0,2
6150,2,0,2
6151,2,0,2
6152,2,0,2
6153,2,0,2
6154,2,0,2
6155,2,0,2
6156,2,0,2
6157,2,0,2
6158,2,0,2
6159,2,0,2
6160,2,0,2
6161,2,0,2
6162,2,0,2
6163,2,0,2
6164,2,0,2
6165,2,0,2
6166,2,0,2
6167,2,0,2
6168,2,0,2
6169,2,0,2
6170,2,0,2
6171,2,0,2
6172,2,0,2
6173,2,0,2
6174,2,0,2
6175,2,0,2
6176,2,0,2
6177,2,0,2
6178,2,0,2
6179,2,0,2
6180,2,0,2
6181,2,0,2
6182,2,0,2
6183,2,0,2
6184,2,0,2
6185,2,0,2
6186,2,0,2
6187,2,0,2
6188,2,0,2
6189,2,0,2
6190,2,0,2
6191,2,0,2
6192,2,0,2
6193,2,0,2
6194,2,0,2
6195,2,0,2
6196,2,0,2
6197,2,0,2
6198,2,0,2
6199,2,0,2
6200,2,0,2
6201,2,0,2
6202,2,0,2
6203,4,0,4
6204,4,0,4
6205,4,0,4
6206,4,0,4
6207,4,0,4
6208,4,0,4
6209,4,0,4
6210,4,0,4
6211,5,0,5
6212,5,0,5
6213,5,0,5
6214,5,0,5
6215,5,0,5
6216,5,0,5
6217,5,0,5
6218,5,0,5
6219,5,0,5
6220,5,0,5
6221,5,0,5
6222,5,0,5
6223,5,0,5
6224,5,0,5
6225,5,0,5
6226,5,0,5
6227,5,0,5
6228,5,0,5
6229,5,0,5
6230,5,0,5
6231,5,0,5
6232,4,0,4
6233,4,0,4
6234,4,0,4
6235,4,0,4
6236,4,0,4
6237,4,0,4
6238,4,0,4
6239,4,0,4
6240,4,0,4
6241,4,0,4
6242,5,0,5
6243,5,0,5
6244,5,0,5
6245,5,0,5
6246,5,0,5
6247,5,0,5
6248,5,0,5
6249,5,0,5
6250,5,0,5
6251,5,0,5
6252,5,0,5
6253,4,0,4
6254,4,0,4
6255,4,0,4
6256,4,0,4
6257,4,0,4
6258,4,0,4
6259,4,0,4
6260,4,0,4
6261,4,0,4
6262,4,0,4
6263,4,0,4
6264,4,0,4
6265,4,0,4
6266,4,0,4
6267,4,0,4
6268,4,0,4
6269,5,0,5
6270,5,0,5
6271,5,0,5
6272,5,0,5
6273,5,0,5
6274,5,0,5
6275,5,0,5
6276,5,0,5
6277,5,0,5
6278,5,0,5
6279,5,0,5
6280,5,0,5
6281,5,0,5
6282,5,0,5
6283,5,0,5
6284,6,0,6
6285,6,0,6
6286,6,0,6
6287,5,0,5
6288,5,0,5
6289,5,0,5
6290,5,0,5
6291,5,0,5
6292,5,0,5
6293,4,0,4
6294,3,0,3
6295,3,0,3
6296,3,0,3
6297,3,0,3
6298,3,0,3
6299,3,0,3
6300,3,0,3
6301,3,0,3
6302,3,0,3
6303,3,0,3
6304,3,0,3
6305,3,0,3
6306,3,0,3
6307,3,0,3
6308,3,0,3
6309,2,0,2
6310,2,0,2
6311,2,0,2
6312,2,0,2
6313,2,0,2
6314,2,0,2
6315,2,0,2
6316,2,0,2
6317,3,0,3
6318,3,0,3
6319,3,0,3
6320,3,0,3
6321,3,0,3
6322,3,0,3
6323,4,0,4
6324,4,0,4
6325,4,0,4
6326,4,0,4
6327,4,0,4
6328,4,0,4
6329,4,0,4
6330,4,0,4
6331,4,0,4
6332,4,0,4
6333,4,0,4
6334,4,0,4
6335,4,0,4
6336,4,0,4
6337,4,0,4
6338,4,0,4
6339,4,0,4
6340,4,0,4
6341,4,0,4
6342,4,0,4
6343,4,0,4
6344,4,0,4
6345,4,0,4
6346,4,0,4
6347,4,0,4
6348,4,0,4
6349,4,0,4
6350,4,0,4
6351,4,0,4
6352,4,0,4
6353,4,0,4
6354,4,0,4
6355,4,0,4
6356,4,0,4
6357,4,0,4
6358,4,0,4
6359,3,0,3
6360,3,0,3
6361,3,0,3
6362,3,0,3
6363,3,0,3
6364,3,0,3
6365,3,0,3
6366,3,0,3
6367,3,0,3
6368,3,0,3
6369,3,0,3
6370,3,0,3
6371,3,0,3
6372,3,0,3
6373,3,0,3
6374,3,0,3
6375,3,0,3
6376,3,0,3
6377,3,0,3
6378,3,0,3
6379,3,0,3
6380,3,0,3
6381,3,0,3
6382,3,0,3
6383,3,0,3
6384,3,0,3
6385,3,0,3
6386,2,0,2
6387,2,0,2
6388,2,0,2
6389,2,0,2
6390,2,0,2
6391,2,0,2
6392,2,0,2
6393,2,0,2
6394,2,0,2
6395,2,0,2
6396,2,0,2
6397,2,0,2
6398,2,0,2
6399,2,0,2
6400,2,0,2
6401,2,0,2
6402,2,0,2
6403,2,0,2
6404,2,0,2
6405,2,0,2
6406,2,0,2
6407,2,0,2
6408,2,0,2
6409,2,0,2
6410,2,0,2
6411,2,0,2
6412,2,0,2
6413,2,0,2
6414,2,0,2
6415,2,0,2
6416,2,0,2
6417,2,0,2
6418,2,0,2
6419,2,0,2
6420,2,0,2
6421,2,0,2
6422,2,0,2
6423,2,0,2
6424,2,0,2
6425,2,0,2
6426,3,0,3
6427,3,0,3
6428,3,0,3
6429,3,0,3
6430,3,0,3
6431,3,0,3
6432,3,0,3
6433,3,0,3
6434,3,0,3
6435,3,0,3
6436,3,0,3
6437,3,0,3
6438,3,0,3
6439,3,0,3
6440,3,0,3
6441,3,0,3
6442,3,0,3
6443,3,0,3
6444,3,0,3
6445,3,0,3
6446,3,0,3
6447,3,0,3
6448,3,0,3
6449,3,0,3
6450,3,0,3
6451,3,0,3
6452,3,0,3
6453,3,0,3
6454,3,0,3
6455,3,0,3
6456,3,0,3
6457,3,0,3
6458,3,0,3
6459,3,0,3
6460,3,0,3
6461,3,0,3
6462,3,0,3
6463,3,0,3
6464,3,0,3
6465,3,0,3
6466,3,0,3
6467,3,0,3
6468,2,0,2
6469,2,0,2
6470,2,0,2
6471,2,0,2
6472,2,0,2
6473,2,0,2
6474,2,0,2
6475,2,0,2
6476,2,0,2
6477,2,0,2
6478,2,0,2
6479,2,0,2
6480,2,0,2
6481,2,0,2
6482,2,0,2
6483,2,0,2
6484,2,0,2
6485,2,0,2
6486,2,0,2
6487,2,0,2
6488,2,0,2
6489,2,0,2
6490,2,0,2
6491,2,0,2
6492,2,0,2
6493,2,0,2
6494,2,0,2
6495,2,0,2
6496,2,0,2
6497,2,0,2
6498,2,0,2
6499,2,0,2
6500,2,0,2
6501,2,0,2
6502,2,0,2
6503,2,0,2
6504,2,0,2
6505,2,0,2
6506,2,0,2
6507,2,0,2
6508,2,0,2
6509,2,0,2
6510,2,0,2
6511,2,0,2
6512,2,0,2
6513,2,0,2
6514,2,0,2
6515,2,0,2
6516,2,0,2
6517,2,0,2
6518,2,0,2
6519,2,0,2
6520,2,0,2
6521,2,0,2
6522,2,0,2
6523,2,0,2
6524,2,0,2
6525,2,0,2
6526,3,0,3
6527,3,0,3
6528,3,0,3
6529,3,0,3
6530,3,0,3
6531,3,0,3
6532,3,0,3
6533,3,0,3
6534,3,0,3
6535,3,0,3
6536,3,0,3
6537,3,0,3
6538,3,0,3
6539,3,0,3
6540,3,0,3
6541,3,0,3
6542,3,0,3
6543,3,0,3
6544,3,0,3
6545,3,0,3
6546,3,0,3
6547,3,0,3
6548,3,0,3
6549,3,0,3
6550,3,0,3
6551,3,0,3
6552,3,0,3
6553,3,0,3
6554,3,0,3
6555,3,0,3
6556,3,0,3
6557,3,0,3
6558,3,0,3
6559,3,0,3
6560,4,0,4
6561,4,0,4
6562,4,0,4
6563,4,0,4
6564,4,0,4
6565,4,0,4
6566,4,0,4
6567,4,0,4
6568,4,0,4
6569,4,0,4
6570,4,0,4
6571,4,0,4
6572,3,0,3
6573,3,0,3
6574,2,0,2
6575,2,0,2
6576,2,0,2
6577,2,0,2
6578,2,0,2
6579,2,0,2
6580,2,0,2
6581,2,0,2
6582,2,0,2
6583,2,0,2
6584,2,0,2
6585,2,0,2
6586,2,0,2
6587,2,0,2
6588,2,0,2
6589,2,0,2
6590,2,0,2
6591,2,0,2
6592,2,0,2
6593,2,0,2
6594,2,0,2
6595,2,0,2
6596,1,0,1
6597,1,0,1
6598,1,0,1
6599,1,0,1
6600,1,0,1
6601,1,0,1
6602,1,0,1
6603,1,0,1
6604,1,0,1
6605,1,0,1
6606,1,0,1
6607,1,0,1
6608,1,0,1
6609,1,0,1
6610,1,0,1
6611,1,0,1
6612,1,0,1
6613,1,0,1
6614,2,0,2
6615,2,0,2
6616,2,0,2
6617,2,0,2
6618,2,0,2
6619,2,0,2
6620,2,0,2
6621,2,0,2
6622,2,0,2
6623,2,0,2
6624,2,0,2
6625,2,0,2
6626,2,0,2
6627,2,0,2
6628,2,0,2
6629,2,0,2
6630,2,0,2
6631,2,0,2
6632,2,0,2
6633,2,0,2
6634,2,0,2
6635,2,0,2
6636,2,0,2
6637,2,0,2
6638,2,0,2
6639,2,0,2
6640,2,0,2
6641,2,0,2
6642,2,0,2
6643,2,0,2
6644,2,0,2
6645,2,0,2
6646,1,0,1
6647,1,0,1
6648,1,0,1
6649,1,0,1
6650,1,0,1
6651,1,0,1
6652,0,0,0
6653,0,0,0
6654,0,0,0
6655,0,0,0
6656,0,0,0
6657,0,0,0
6658,0,0,0
6659,0,0,0
6660,0,0,0
6661,0,0,0
6662,0,0,0
6663,0,0,0
6664,0,0,0
6665,0,0,0
6666,0,0,0
6667,0,0,0
6668,0,0,0
6669,0,0,0
6670,0,0,0
6671,0,0,0
6672,0,0,0
6673,0,0,0
6674,0,0,0
6675,0,0,0
6676,0,0,0
6677,0,0,0
6678,0,0,0
6679,0,0,0
6680,0,0,0
6681,0,0,0
6682,0,0,0
6683,0,0,0
6684,0,0,0
6685,0,0,0
6686,0,0,0
6687,0,0,0
6688,0,0,0
6689,0,0,0
6690,0,0,0
6691,0,0,0
6692,0,0,0
6693,0,0,0
6694,0,0,0
6695,0,0,0
6696,0,0,0
6697,0,0,0
6698,0,0,0
6699,0,0,0
6700,0,0,0
6701,0,0,0
6702,0,0,0
6703,0,0,0
6704,0,0,0
6705,0,0,0
6706,0,0,0
6707,0,0,0
6708,0,0,0
6709,0,0,0
6710,0,0,0
6711,0,0,0
6712,0,0,0
6713,0,0,0
6714,0,0,0
6715,0,0,0
6716,0,0,0
6717,0,0,0
6718,0,0,0
6719,0,0,0
6720,0,0,0
6721,0,0,0
6722,0,0,0
6723,0,0,0
6724,0,0,0
6725,0,0,0
6726,0,0,0
6727,0,0,0
6728,0,0,0
6729,0,0,0
6730,0,0,0
6731,0,0,0
6732,0,0,0
6733,0,0,0
6734,0,0,0
6735,0,0,0
6736,0,0,0
6737,0,0,0
6738,0,0,0
6739,0,0,0
6740,0,0,0
6741,0,0,0
6742,0,0,0
6743,0,0,0
6744,0,0,0
6745,0,0,0
6746,0,0,0
6747,0,0,0
6748,0,0,0
6749,0,0,0
6750,0,0,0
6751,0,0,0
6752,0,0,0
6753,0,0,0
6754,0,0,0
6755,0,0,0
6756,0,0,0
6757,0,0,0
6758,0,0,0
6759,0,0,0
6760,0,0,0
6761,0,0,0
6762,0,0,0
6763,0,0,0
6764,0,0,0
6765,0,0,0
6766,0,0,0
6767,0,0,0
6768,0,0,0
6769,0,0,0
6770,0,0,0
6771,0,0,0
6772,0,0,0
6773,0,0,0
6774,0,0,0
6775,0,0,0
6776,0,0,0
6777,0,0,0
6778,0,0,0
6779,0,0,0
6780,0,0,0
6781,0,0,0
6782,0,0,0
6783,0,0,0
6784,0,0,0
6785,0,0,0
6786,0,0,0
6787,0,0,0
6788,0,0,0
6789,0,0,0
6790,0,0,0
6791,0,0,0
6792,0,0,0
6793,0,0,0
6794,0,0,0
6795,0,0,0
6796,0,0,0
6797,0,0,0
6798,0,0,0
6799,0,0,0
6800,0,0,0
6801,0,0,0
6802,0,0,0
6803,0,0,0
6804,0,0,0
6805,0,0,0
6806,0,0,0
6807,0,0,0
6808,0,0,0
6809,0,0,0
6810,0,0,0
6811,0,0,0
6812,0,0,0
6813,0,0,0
6814,0,0,0
6815,0,0,0
6816,0,0,0
6817,0,0,0
6818,0,0,0
6819,0,0,0
6820,0,0,0
6821,0,0,0
6822,0,0,0
6823,0,0,0
6824,0,0,0
6825,0,0,0
6826,0,0,0
6827,0,0,0
6828,0,0,0
6829,0,0,0
6830,0,0,0
6831,0,0,0
6832,0,0,0
6833,0,0,0
6834,0,0,0
6835,0,0,0
6836,0,0,0
6837,0,0,0
6838,0,0,0
6839,0,0,0
6840,0,0,0
6841,0,0,0
6842,0,0,0
6843,0,0,0
6844,0,0,0
6845,0,0,0
6846,0,0,0
6847,0,0,0
6848,0,0,0
6849,0,0,0
6850,0,0,0
6851,0,0,0
6852,0,0,0
6853,0,0,0
6854,0,0,0
6855,0,0,0
6856,0,0,0
6857,0,0,0
6858,0,0,0
6859,0,0,0
6860,0,0,0
6861,0,0,0
6862,0,0,0
6863,0,0,0
6864,0,0,0
6865,0,0,0
6866,0,0,0
6867,0,0,0
6868,0,0,0
6869,0,0,0
6870,0,0,0
6871,0,0,0
6872,0,0,0
6873,0,0,0
6874,0,0,0
6875,0,0,0
6876,0,0,0
6877,0,0,0
6878,0,0,0
6879,0,0,0
6880,0,0,0
6881,0,0,0
6882,0,0,0
6883,0,0,0
6884,0,0,0
6885,0,0,0
6886,0,0,0
6887,0,0,0
6888,0,0,0
6889,0,0,0
6890,0,0,0
6891,0,0,0
6892,0,0,0
6893,0,0,0
6894,0,0,0
6895,0,0,0
6896,0,0,0
6897,0,0,0
6898,0,0,0
6899,0,0,0
6900,0,0,0
6901,0,0,0
6902,0,0,0
6903,0,0,0
6904,0,0,0
6905,0,0,0
6906,0,0,0
6907,0,0,0
6908,0,0,0
6909,0,0,0
6910,0,0,0
6911,0,0,0
6912,0,0,0
6913,0,0,0
6914,0,0,0
6915,0,0,0
6916,0,0,0
6917,0,0,0
6918,0,0,0
6919,0,0,0
6920,0,0,0
6921,0,0,0
6922,0,0,0
6923,0,0,0
6924,0,0,0
6925,0,0,0
6926,0,0,0
6927,0,0,0
6928,0,0,0
6929,0,0,0
6930,0,0,0
6931,0,0,0
6932,0,0,0
6933,0,0,0
6934,0,0,0
6935,0,0,0
6936,0,0,0
6937,0,0,0
6938,0,0,0
6939,0,0,0
6940,0,0,0
6941,0,0,0
6942,0,0,0
6943,0,0,0
6944,0,0,0
6945,0,0,0
6946,0,0,0
6947,0,0,0
6948,0,0,0
6949,0,0,0
6950,0,0,0
6951,0,0,0
6952,0,0,0
6953,0,0,0
6954,0,0,0
6955,0,0,0
6956,0,0,0
6957,0,0,0
6958,0,0,0
6959,0,0,0
6960,0,0,0
6961,0,0,0
6962,0,0,0
6963,0,0,0
6964,0,0,0
6965,0,0,0
6966,0,0,0
6967,0,0,0
6968,0,0,0
6969,0,0,0
6970,0,0,0
6971,0,0,0
6972,0,0,0
6973,0,0,0
6974,0,0,0
6975,0,0,0
6976,0,0,0
6977,0,0,0
6978,0,0,0
6979,0,0,0
6980,0,0,0
6981,0,0,0
6982,0,0,0
6983,0,0,0
6984,0,0,0
6985,0,0,0
6986,0,0,0
6987,0,0,0
6988,0,0,0
6989,0,0,0
6990,0,0,0
6991,0,0,0
6992,0,0,0
6993,0,0,0
6994,0,0,0
6995,0,0,0
6996,0,0,0
6997,0,0,0
6998,0,0,0
6999,0,0,0
7000,0,0,0
7001,0,0,0
7002,0,0,0
7003,0,0,0
7004,0,0,0
7005,0,0,0
7006,0,0,0
7007,0,0,0
7008,0,0,0
7009,0,0,0
7010,0,0,0
7011,0,0,0
7012,0,0,0
7013,0,0,0
7014,0,0,0
7015,0,0,0
7016,0,0,0
7017,0,0,0
7018,0,0,0
7019,0,0,0
7020,0,0,0
7021,0,0,0
7022,0,0,0
7023,0,0,0
7024,0,0,0
7025,0,0,0
7026,0,0,0
7027,0,0,0
7028,0,0,0
7029,0,0,0
7030,0,0,0
7031,0,0,0
7032,0,0,0
7033,0,0,0
7034,0,0,0
7035,0,0,0
7036,0,0,0
7037,0,0,0
7038,0,0,0
7039,0,0,0
7040,0,0,0
7041,0,0,0
7042,0,0,0
7043,0,0,0
7044,0,0,0
7045,0,0,0
7046,0,0,0
7047,0,0,0
7048,0,0,0
7049,0,0,0
7050,0,0,0
7051,0,0,0
7052,0,0,0
7053,0,0,0
7054,0,0,0
7055,0,0,0
7056,0,0,0
7057,0,0,0
7058,0,0,0
7059,0,0,0
7060,0,0,0
7061,0,0,0
7062,0,0,0
7063,0,0,0
7064,0,0,0
7065,0,0,0
7066,0,0,0
7067,0,0,0
7068,0,0,0
7069,0,0,0
7070,0,0,0
7071,0,0,0
7072,0,0,0
7073,0,0,0
7074,0,0,0
7075,0,0,0
7076,0,0,0
7077,0,0,0
7078,0,0,0
7079,0,0,0
7080,0,0,0
7081,0,0,0
7082,0,0,0
7083,0,0,0
7084,0,0,0
7085,0,0,0
7086,0,0,0
7087,0,0,0
7088,0,0,0
7089,0,0,0
7090,0,0,0
7091,0,0,0
7092,0,0,0
7093,0,0,0
7094,0,0,0
7095,0,0,0
7096,0,0,0
7097,0,0,0
7098,0,0,0
7099,0,0,0
7100,0,0,0
7101,0,0,0
7102,0,0,0
7103,0,0,0
7104,0,0,0
7105,0,0,0
7106,0,0,0
7107,0,0,0
7108,0,0,0
7109,0,0,0
7110,0,0,0
7111,0,0,0
7112,0,0,0
7113,0,0,0
7114,0,0,0
7115,0,0,0
7116,0,0,0
7117,0,0,0
7118,0,0,0
7119,0,0,0
7120,0,0,0
7121,0,0,0
7122,0,0,0
7123,0,0,0
7124,0,0,0
7125,0,0,0
7126,0,0,0
7127,0,0,0
7128,0,0,0
7129,0,0,0
7130,0,0,0
7131,0,0,0
7132,0,0,0
7133,0,0,0
7134,0,0,0
7135,0,0,0
7136,0,0,0
7137,0,0,0
7138,0,0,0
7139,0,0,0
7140,0,0,0
7141,0,0,0
7142,0,0,0
7143,0,0,0
7144,0,0,0
7145,0,0,0
7146,0,0,0
7147,0,0,0
7148,0,0,0
7149,0,0,0
7150,0,0,0
7151,0,0,0
7152,0,0,0
7153,0,0,0
7154,0,0,0
7155,0,0,0
7156,0,0,0
7157,0,0,0
7158,0,0,0
7159,0,0,0
7160,0,0,0
7161,0,0,0
7162,0,0,0
7163,0,0,0
7164,0,0,0
7165,0,0,0
7166,0,0,0
7167,0,0,0
7168,0,0,0
7169,0,0,0
7170,0,0,0
7171,0,0,0
7172,0,0,0
7173,0,0,0
7174,0,0,0
7175,0,0,0
7176,0,0,0
7177,0,0,0
7178,1,0,1
7179,1,0,1
7180,1,0,1
7181,1,0,1
7182,1,0,1
7183,1,0,1
7184,1,0,1
7185,1,0,1
7186,1,0,1
7187,1,0,1
7188,1,0,1
7189,1,0,1
7190,1,0,1
7191,1,0,1
7192,1,0,1
7193,1,0,1
7194,1,0,1
7195,1,0,1
7196,1,0,1
7197,1,0,1
7198,1,0,1
7199,1,0,1
7200,1,0,1
7201,1,0,1
7202,1,0,1
7203,1,0,1
7204,1,0,1
7205,1,0,1
7206,1,0,1
7207,1,0,1
7208,1,0,1
7209,1,0,1
7210,1,0,1
7211,1,0,1
7212,1,0,1
7213,1,0,1
7214,1,0,1
7215,1,0,1
7216,1,0,1
7217,1,0,1
7218,1,0,1
7219,1,0,1
7220,1,0,1
7221,1,0,1
7222,1,0,1
7223,1,0,1
7224,1,0,1
7225,1,0,1
7226,1,0,1
7227,1,0,1
7228,1,0,1
7229,1,0,1
7230,1,0,1
7231,1,0,1
7232,1,0,1
7233,1,0,1
7234,1,0,1
7235,1,0,1
7236,1,0,1
7237,1,0,1
7238,1,0,1
7239,1,0,1
7240,1,0,1
7241,1,0,1
7242,1,0,1
7243,1,0,1
7244,1,0,1
7245,1,0,1
7246,1,0,1
7247,1,0,1
7248,1,0,1
7249,1,0,1
7250,1,0,1
7251,1,0,1
7252,1,0,1
7253,1,0,1
7254,1,0,1
7255,1,0,1
7256,1,0,1
7257,1,0,1
7258,1,0,1
7259,1,0,1
7260,1,0,1
7261,1,0,1
7262,1,0,1
7263,1,0,1
7264,1,0,1
7265,1,0,1
7266,1,0,1
7267,1,0,1
7268,1,0,1
7269,1,0,1
7270,1,0,1
7271,1,0,1
7272,1,0,1
7273,1,0,1
7274,0,0,0
7275,0,0,0
7276,0,0,0
7277,0,0,0
7278,0,0,0
7279,1,0,1
7280,1,0,1
7281,1,0,1
7282,1,0,1
7283,1,0,1
7284,1,0,1
7285,1,0,1
7286,1,0,1
7287,1,0,1
7288,1,0,1
7289,1,0,1
7290,1,0,1
7291,1,0,1
7292,1,0,1
7293,1,0,1
7294,1,0,1
7295,1,0,1
7296,1,0,1
7297,1,0,1
7298,1,0,1
7299,1,0,1
7300,1,0,1
7301,2,0,2
7302,2,0,2
7303,2,0,2
7304,2,0,2
7305,2,0,2
7306,2,0,2
7307,2,0,2
7308,2,0,2
7309,2,0,2
7310,2,0,2
7311,2,0,2
7312,2,0,2
7313,2,0,2
7314,2,0,2
7315,2,0,2
7316,2,0,2
7317,2,0,2
7318,2,0,2
7319,1,0,1
7320,1,0,1
7321,1,0,1
7322,1,0,1
7323,1,0,1
7324,1,0,1
7325,1,0,1
7326,1,0,1
7327,1,0,1
7328,1,0,1
7329,1,0,1
7330,1,0,1
7331,1,0,1
7332,1,0,1
7333,1,0,1
7334,1,0,1
7335,1,0,1
7336,1,0,1
7337,1,0,1
7338,1,0,1
7339,1,0,1
7340,1,0,1
7341,1,0,1
7342,1,0,1
7343,1,0,1
7344,1,0,1
7345,1,0,1
7346,1,0,1
7347,1,0,1
7348,1,0,1
7349,1,0,1
7350,1,0,1
7351,1,0,1
7352,1,0,1
7353,1,0,1
7354,1,0,1
7355,1,0,1
7356,1,0,1
7357,1,0,1
7358,1,0,1
7359,1,0,1
7360,1,0,1
7361,1,0,1
7362,1,0,1
7363,1,0,1
7364,1,0,1
7365,1,0,1
7366,1,0,1
7367,1,0,1
7368,1,0,1
7369,1,0,1
7370,1,0,1
7371,1,0,1
7372,1,0,1
7373,1,0,1
7374,1,0,1
7375,1,0,1
7376,1,0,1
7377,1,0,1
7378,1,0,1
7379,1,0,1
7380,1,0,1
7381,1,0,1
7382,1,0,1
7383,1,0,1
7384,1,0,1
7385,1,0,1
7386,1,0,1
7387,1,0,1
7388,1,0,1
7389,1,0,1
7390,1,0,1
7391,1,0,1
7392,1,0,1
7393,1,0,1
7394,1,0,1
7395,1,0,1
7396,1,0,1
7397,1,0,1
7398,1,0,1
7399,1,0,1
7400,1,0,1
7401,1,0,1
7402,1,0,1
7403,1,0,1
7404,1,0,1
7405,1,0,1
7406,1,0,1
7407,1,0,1
7408,1,0,1
7409,1,0,1
7410,1,0,1
7411,1,0,1
7412,1,0,1
7413,1,0,1
7414,1,0,1
7415,1,0,1
7416,1,0,1
7417,1,0,1
7418,1,0,1
7419,1,0,1
7420,1,0,1
7421,1,0,1
7422,1,0,1
7423,1,0,1
7424,1,0,1
7425,1,0,1
7426,1,0,1
7427,1,0,1
7428,1,0,1
7429,1,0,1
7430,1,0,1
7431,1,0,1
7432,1,0,1
7433,1,0,1
7434,1,0,1
7435,1,0,1
7436,1,0,1
7437,1,0,1
7438,1,0,1
7439,1,0,1
7440,1,0,1
7441,1,0,1
7442,1,0,1
7443,1,0,1
7444,1,0,1
7445,1,0,1
7446,1,0,1
7447,1,0,1
7448,1,0,1
7449,1,0,1
7450,1,0,1
7451,1,0,1
7452,1,0,1
7453,1,0,1
7454,1,0,1
7455,1,0,1
7456,1,0,1
7457,1,0,1
7458,1,0,1
7459,1,0,1
7460,1,0,1
7461,1,0,1
7462,1,0,1
7463,1,0,1
7464,1,0,1
7465,1,0,1
7466,1,0,1
7467,1,0,1
7468,2,0,2
7469,2,0,2
7470,2,0,2
7471,2,0,2
7472,2,0,2
7473,2,0,2
7474,2,0,2
7475,2,0,2
7476,2,0,2
7477,2,0,2
7478,2,0,2
7479,2,0,2
7480,2,0,2
7481,2,0,2
7482,2,0,2
7483,2,0,2
7484,2,0,2
7485,2,0,2
7486,2,0,2
7487,2,0,2
7488,2,0,2
7489,2,0,2
7490,2,0,2
7491,2,0,2
7492,1,0,1
7493,1,0,1
7494,1,0,1
7495,1,0,1
7496,1,0,1
7497,1,0,1
7498,1,0,1
7499,1,0,1
7500,1,0,1
7501,1,0,1
7502,1,0,1
7503,1,0,1
7504,1,0,1
7505,1,0,1
7506,1,0,1
7507,1,0,1
7508,1,0,1
7509,1,0,1
7510,1,0,1
7511,1,0,1
7512,1,0,1
7513,1,0,1
7514,1,0,1
7515,1,0,1
7516,1,0,1
7517,1,0,1
7518,1,0,1
7519,1,0,1
7520,1,0,1
7521,1,0,1
7522,1,0,1
7523,1,0,1
7524,1,0,1
7525,1,0,1
7526,1,0,1
7527,1,0,1
7528,1,0,1
7529,1,0,1
7530,1,0,1
7531,1,0,1
7532,1,0,1
7533,1,0,1
7534,1,0,1
7535,1,0,1
7536,1,0,1
7537,1,0,1
7538,1,0,1
7539,1,0,1
7540,1,0,1
7541,1,0,1
7542,1,0,1
7543,1,0,1
7544,1,0,1
7545,1,0,1
7546,1,0,1
7547,1,0,1
7548,1,0,1
7549,1,0,1
7550,1,0,1
7551,1,0,1
7552,1,0,1
7553,1,0,1
7554,1,0,1
7555,1,0,1
7556,1,0,1
7557,1,0,1
7558,1,0,1
7559,1,0,1
7560,1,0,1
7561,1,0,1
7562,1,0,1
7563,1,0,1
7564,1,0,1
7565,1,0,1
7566,1,0,1
7567,1,0,1
7568,1,0,1
7569,1,0,1
7570,1,0,1
7571,1,0,1
7572,1,0,1
7573,1,0,1
7574,1,0,1
7575,1,0,1
7576,1,0,1
7577,1,0,1
7578,1,0,1
7579,1,0,1
7580,1,0,1
7581,1,0,1
7582,0,0,0
7583,0,0,0
7584,0,0,0
7585,0,0,0
7586,0,0,0
7587,0,0,0
7588,0,0,0
7589,0,0,0
7590,0,0,0
7591,0,0,0
7592,0,0,0
7593,0,0,0
7594,0,0,0
7595,0,0,0
7596,0,0,0
7597,0,0,0
7598,0,0,0
7599,0,0,0
7600,0,0,0
7601,0,0,0
7602,0,0,0
7603,0,0,0
7604,0,0,0
7605,0,0,0
7606,0,0,0
7607,0,0,0
7608,0,0,0
7609,0,0,0
7610,0,0,0
7611,0,0,0
7612,1,0,1
7613,1,0,1
7614,1,0,1
7615,1,0,1
7616,1,0,1
7617,1,0,1
7618,1,0,1
7619,1,0,1
7620,1,0,1
7621,1,0,1
7622,1,0,1
7623,1,0,1
7624,1,0,1
7625,1,0,1
7626,1,0,1
7627,1,0,1
7628,1,0,1
7629,1,0,1
7630,1,0,1
7631,1,0,1
7632,1,0,1
7633,1,0,1
7634,1,0,1
7635,1,0,1
7636,1,0,1
7637,1,0,1
7638,1,0,1
7639,1,0,1
7640,1,0,1
7641,1,0,1
7642,1,0,1
7643,1,0,1
7644,1,0,1
7645,1,0,1
7646,1,0,1
7647,1,0,1
7648,1,0,1
7649,1,0,1
7650,1,0,1
7651,1,0,1
7652,1,0,1
7653,1,0,1
7654,1,0,1
7655,1,0,1
7656,1,0,1
7657,1,0,1
7658,1,0,1
7659,1,0,1
7660,1,0,1
7661,1,0,1
7662,1,0,1
7663,1,0,1
7664,1,0,1
7665,1,0,1
7666,1,0,1
7667,1,0,1
7668,1,0,1
7669,1,0,1
7670,1,0,1
7671,1,0,1
7672,1,0,1
7673,1,0,1
7674,1,0,1
7675,1,0,1
7676,1,0,1
7677,1,0,1
7678,1,0,1
7679,1,0,1
7680,1,0,1
7681,1,0,1
7682,1,0,1
7683,1,0,1
7684,1,0,1
7685,1,0,1
7686,1,0,1
7687,1,0,1
7688,1,0,1
7689,1,0,1
7690,1,0,1
7691,1,0,1
7692,1,0,1
7693,1,0,1
7694,1,0,1
7695,1,0,1
7696,1,0,1
7697,1,0,1
7698,1,0,1
7699,1,0,1
7700,1,0,1
7701,1,0,1
7702,1,0,1
7703,1,0,1
7704,1,0,1
7705,1,0,1
7706,1,0,1
7707,1,0,1
7708,1,0,1
7709,1,0,1
7710,1,0,1
7711,1,0,1
7712,1,0,1
7713,1,0,1
7714,1,0,1
7715,1,0,1
7716,1,0,1
7717,1,0,1
7718,1,0,1
7719,1,0,1
7720,1,0,1
7721,1,0,1
7722,1,0,1
7723,1,0,1
7724,1,0,1
7725,1,0,1
7726,1,0,1
7727,1,0,1
7728,1,0,1
7729,1,0,1
7730,1,0,1
7731,1,0,1
7732,1,0,1
7733,1,0,1
7734,1,0,1
7735,1,0,1
7736,1,0,1
7737,1,0,1
7738,1,0,1
7739,1,0,1
7740,1,0,1
7741,1,0,1
7742,1,0,1
7743,1,0,1
7744,1,0,1
7745,1,0,1
7746,1,0,1
7747,1,0,1
7748,1,0,1
7749,1,0,1
7750,1,0,1
7751,1,0,1
7752,1,0,1
7753,1,0,1
7754,1,0,1
7755,1,0,1
7756,1,0,1
7757,1,0,1
7758,1,0,1
7759,1,0,1
7760,1,0,1
7761,1,0,1
7762,1,0,1
7763,1,0,1
7764,1,0,1
7765,1,0,1
7766,1,0,1
7767,1,0,1
7768,1,0,1
7769,1,0,1
7770,1,0,1
7771,1,0,1
7772,1,0,1
7773,1,0,1
7774,1,0,1
7775,1,0,1
7776,1,0,1
7777,1,0,1
7778,1,0,1
7779,1,0,1
7780,1,0,1
7781,1,0,1
7782,1,0,1
7783,1,0,1
7784,1,0,1
7785,1,0,1
7786,1,0,1
7787,1,0,1
7788,1,0,1
7789,1,0,1
7790,1,0,1
7791,1,0,1
7792,1,0,1
7793,1,0,1
7794,1,0,1
7795,1,0,1
7796,1,0,1
7797,1,0,1
7798,1,0,1
7799,1,0,1
7800,1,0,1
7801,1,0,1
7802,1,0,1
7803,1,0,1
7804,1,0,1
7805,1,0,1
7806,1,0,1
7807,1,0,1
7808,1,0,1
7809,1,0,1
7810,1,0,1
7811,1,0,1
7812,1,0,1
7813,1,0,1
7814,1,0,1
7815,1,0,1
7816,1,0,1
7817,1,0,1
7818,1,0,1
7819,1,0,1
7820,1,0,1
7821,1,0,1
7822,1,0,1
7823,1,0,1
7824,1,0,1
7825,1,0,1
7826,1,0,1
7827,1,0,1
7828,1,0,1
7829,1,0,1
7830,1,0,1
7831,1,0,1
7832,1,0,1
7833,1,0,1
7834,1,0,1
7835,1,0,1
7836,1,0,1
7837,1,0,1
7838,1,0,1
7839,1,0,1
7840,1,0,1
7841,1,0,1
7842,1,0,1
7843,1,0,1
7844,1,0,1
7845,1,0,1
7846,1,0,1
7847,1,0,1
7848,1,0,1
7849,1,0,1
7850,1,0,1
7851,1,0,1
7852,1,0,1
7853,1,0,1
7854,1,0,1
7855,1,0,1
7856,1,0,1
7857,1,0,1
7858,1,0,1
7859,1,0,1
7860,1,0,1
7861,1,0,1
7862,1,0,1
7863,1,0,1
7864,1,0,1
7865,1,0,1
7866,1,0,1
7867,1,0,1
7868,1,0,1
7869,1,0,1
7870,1,0,1
7871,1,0,1
7872,1,0,1
7873,1,0,1
7874,1,0,1
7875,1,0,1
7876,1,0,1
7877,1,0,1
7878,1,0,1
7879,1,0,1
7880,1,0,1
7881,1,0,1
7882,1,0,1
7883,1,0,1
7884,1,0,1
7885,1,0,1
7886,1,0,1
7887,1,0,1
7888,1,0,1
7889,2,0,2
7890,2,0,2
7891,2,0,2
7892,2,0,2
7893,2,0,2
7894,2,0,2
7895,2,0,2
7896,2,0,2
7897,2,0,2
7898,2,0,2
7899,2,0,2
7900,2,0,2
7901,2,0,2
7902,2,0,2
7903,2,0,2
7904,2,0,2
7905,2,0,2
7906,2,0,2
7907,2,0,2
7908,2,0,2
7909,2,0,2
7910,2,0,2
7911,2,0,2
7912,2,0,2
7913,2,0,2
7914,2,0,2
7915,2,0,2
7916,2,0,2
7917,2,0,2
7918,2,0,2
7919,2,0,2
7920,2,0,2
7921,2,0,2
7922,2,0,2
7923,2,0,2
7924,1,0,1
7925,1,0,1
7926,1,0,1
7927,1,0,1
7928,1,0,1
7929,1,0,1
7930,1,0,1
7931,1,0,1
7932,1,0,1
7933,1,0,1
7934,1,0,1
7935,0,0,0
7936,0,0,0
7937,0,0,0
7938,0,0,0
7939,0,0,0
7940,0,0,0
7941,0,0,0
7942,0,0,0
7943,0,0,0
7944,0,0,0
7945,0,0,0
7946,0,0,0
7947,0,0,0
7948,0,0,0
7949,0,0,0
7950,0,0,0
7951,0,0,0
7952,0,0,0
7953,0,0,0
7954,0,0,0
7955,0,0,0
7956,0,0,0
7957,0,0,0
7958,0,0,0
7959,0,0,0
7960,0,0,0
7961,0,0,0
7962,0,0,0
7963,0,0,0
7964,0,0,0
7965,0,0,0
7966,0,0,0
7967,0,0,0
7968,0,0,0
7969,0,0,0
7970,0,0,0
7971,0,0,0
7972,0,0,0
7973,0,0,0
7974,0,0,0
7975,0,0,0
7976,0,0,0
7977,0,0,0
7978,0,0,0
7979,0,0,0
7980,0,0,0
7981,0,0,0
7982,0,0,0
7983,0,0,0
7984,0,0,0
7985,0,0,0
7986,0,0,0
7987,0,0,0
7988,0,0,0
7989,0,0,0
7990,0,0,0
7991,0,0,0
7992,0,0,0
7993,0,0,0
7994,0,0,0
7995,0,0,0
7996,0,0,0
7997,0,0,0
7998,0,0,0
7999,0,0,0
8000,0,0,0
8001,0,0,0
8002,0,0,0
8003,0,0,0
8004,0,0,0
8005,0,0,0
8006,0,0,0
8007,0,0,0
8008,0,0,0
8009,0,0,0
8010,0,0,0
8011,0,0,0
8012,0,0,0
8013,0,0,0
8014,1,0,1
8015,1,0,1
8016,1,0,1
8017,1,0,1
8018,1,0,1
8019,1,0,1
8020,1,0,1
8021,1,0,1
8022,1,0,1
8023,1,0,1
8024,1,0,1
8025,1,0,1
8026,1,0,1
8027,1,0,1
8028,1,0,1
8029,1,0,1
8030,1,0,1
8031,1,0,1
8032,1,0,1
8033,1,0,1
8034,1,0,1
8035,1,0,1
8036,1,0,1
8037,1,0,1
8038,1,0,1
8039,1,0,1
8040,1,0,1
8041,1,0,1
8042,1,0,1
8043,1,0,1
8044,1,0,1
8045,1,0,1
8046,1,0,1
8047,1,0,1
8048,1,0,1
8049,1,0,1
8050,1,0,1
8051,1,0,1
8052,1,0,1
8053,1,0,1
8054,1,0,1
8055,1,0,1
8056,1,0,1
8057,1,0,1
8058,1,0,1
8059,1,0,1
8060,1,0,1
8061,1,0,1
8062,2,0,2
8063,2,0,2
8064,2,0,2
8065,2,0,2
8066,2,0,2
8067,2,0,2
8068,2,0,2
8069,2,0,2
8070,2,0,2
8071,2,0,2
8072,2,0,2
8073,2,0,2
8074,2,0,2
8075,2,0,2
8076,2,0,2
8077,2,0,2
8078,2,0,2
8079,2,0,2
8080,2,0,2
8081,2,0,2
8082,2,0,2
8083,2,0,2
8084,2,0,2
8085,2,0,2
8086,2,0,2
8087,1,0,1
8088,1,0,1
8089,1,0,1
8090,1,0,1
8091,1,0,1
8092,1,0,1
8093,1,0,1
8094,1,0,1
8095,1,0,1
8096,1,0,1
8097,1,0,1
8098,1,0,1
8099,1,0,1
8100,1,0,1
8101,1,0,1
8102,1,0,1
8103,1,0,1
8104,1,0,1
8105,1,0,1
8106,1,0,1
8107,1,0,1
8108,1,0,1
8109,1,0,1
8110,1,0,1
8111,1,0,1
8112,1,0,1
8113,1,0,1
8114,1,0,1
8115,1,0,1
8116,1,0,1
8117,1,0,1
8118,1,0,1
8119,1,0,1
8120,1,0,1
8121,1,0,1
8122,1,0,1
8123,1,0,1
8124,1,0,1
8125,1,0,1
8126,1,0,1
8127,1,0,1
8128,1,0,1
8129,1,0,1
8130,1,0,1
8131,1,0,1
8132,1,0,1
8133,1,0,1
8134,1,0,1
8135,1,0,1
8136,1,0,1
8137,1,0,1
8138,1,0,1
8139,1,0,1
8140,1,0,1
8141,1,0,1
8142,1,0,1
8143,1,0,1
8144,1,0,1
8145,1,0,1
8146,1,0,1
8147,1,0,1
8148,1,0,1
8149,1,0,1
8150,1,0,1
8151,1,0,1
8152,1,0,1
8153,1,0,1
8154,1,0,1
8155,1,0,1
8156,1,0,1
8157,1,0,1
8158,1,0,1
8159,1,0,1
8160,1,0,1
8161,1,0,1
8162,1,0,1
8163,1,0,1
8164,1,0,1
8165,1,0,1
8166,1,0,1
8167,1,0,1
8168,1,0,1
8169,1,0,1
8170,1,0,1
8171,1,0,1
8172,1,0,1
8173,1,0,1
8174,1,0,1
8175,1,0,1
8176,1,0,1
8177,1,0,1
8178,1,0,1
8179,1,0,1
8180,1,0,1
8181,1,0,1
8182,1,0,1
8183,1,0,1
8184,1,0,1
8185,1,0,1
8186,1,0,1
8187,1,0,1
8188,1,0,1
8189,1,0,1
8190,1,0,1
8191,1,0,1
8192,1,0,1
8193,2,0,2
8194,2,0,2
8195,2,0,2
8196,2,0,2
8197,2,0,2
8198,2,0,2
8199,2,0,2
8200,2,0,2
8201,2,0,2
8202,2,0,2
8203,2,0,2
8204,2,0,2
8205,2,0,2
8206,2,0,2
8207,2,0,2
8208,2,0,2
8209,2,0,2
8210,2,0,2
8211,2,0,2
8212,2,0,2
8213,2,0,2
8214,2,0,2
8215,2,0,2
8216,2,0,2
8217,2,0,2
8218,2,0,2
8219,2,0,2
8220,2,0,2
8221,2,0,2
8222,2,0,2
8223,2,0,2
8224,2,0,2
8225,2,0,2
8226,2,0,2
8227,2,0,2
8228,2,0,2
8229,2,0,2
8230,2,0,2
8231,2,0,2
8232,2,0,2
8233,2,0,2
8234,2,0,2
8235,2,0,2
8236,2,0,2
8237,2,0,2
8238,2,0,2
8239,2,0,2
8240,2,0,2
8241,2,0,2
8242,2,0,2
8243,2,0,2
8244,2,0,2
8245,2,0,2
8246,2,0,2
8247,2,0,2
8248,2,0,2
8249,2,0,2
8250,2,0,2
8251,2,0,2
8252,2,0,2
8253,2,0,2
8254,2,0,2
8255,2,0,2
8256,2,0,2
8257,2,0,2
8258,2,0,2
8259,2,0,2
8260,2,0,2
8261,2,0,2
8262,2,0,2
8263,2,0,2
8264,2,0,2
8265,2,0,2
8266,2,0,2
8267,2,0,2
8268,2,0,2
8269,2,0,2
8270,2,0,2
8271,2,0,2
8272,2,0,2
8273,2,0,2
8274,2,0,2
8275,2,0,2
8276,2,0,2
8277,2,0,2
8278,2,0,2
8279,2,0,2
8280,2,0,2
8281,2,0,2
8282,2,0,2
8283,2,0,2
8284,2,0,2
8285,2,0,2
8286,2,0,2
8287,2,0,2
8288,2,0,2
8289,2,0,2
8290,2,0,2
8291,2,0,2
8292,2,0,2
8293,2,0,2
8294,2,0,2
8295,2,0,2
8296,2,0,2
8297,2,0,2
8298,2,0,2
8299,3,0,3
8300,3,0,3
8301,3,0,3
8302,3,0,3
8303,3,0,3
8304,3,0,3
8305,3,0,3
8306,3,0,3
8307,3,0,3
8308,3,0,3
8309,3,0,3
8310,3,0,3
8311,3,0,3
8312,3,0,3
8313,3,0,3
8314,3,0,3
8315,3,0,3
8316,3,0,3
8317,3,0,3
8318,3,0,3
8319,3,0,3
8320,3,0,3
8321,3,0,3
8322,3,0,3
8323,3,0,3
8324,3,0,3
8325,3,0,3
8326,3,0,3
8327,3,0,3
8328,3,0,3
8329,3,0,3
8330,3,0,3
8331,3,0,3
8332,2,0,2
8333,2,0,2
8334,2,0,2
8335,2,0,2
8336,2,0,2
8337,2,0,2
8338,2,0,2
8339,2,0,2
8340,2,0,2
8341,2,0,2
8342,2,0,2
8343,2,0,2
8344,2,0,2
8345,2,0,2
8346,2,0,2
8347,2,0,2
8348,2,0,2
8349,2,0,2
8350,2,0,2
8351,2,0,2
8352,2,0,2
8353,2,0,2
8354,2,0,2
8355,2,0,2
8356,2,0,2
8357,2,0,2
8358,2,0,2
8359,2,0,2
8360,2,0,2
8361,2,0,2
8362,2,0,2
8363,2,0,2
8364,2,0,2
8365,2,0,2
8366,2,0,2
8367,2,0,2
8368,2,0,2
8369,2,0,2
8370,2,0,2
8371,2,0,2
8372,2,0,2
8373,2,0,2
8374,2,0,2
8375,2,0,2
8376,2,0,2
8377,2,0,2
8378,2,0,2
8379,2,0,2
8380,2,0,2
8381,2,0,2
8382,2,0,2
8383,2,0,2
8384,2,0,2
8385,2,0,2
8386,2,0,2
8387,2,0,2
8388,2,0,2
8389,2,0,2
8390,2,0,2
8391,2,0,2
8392,2,0,2
8393,2,0,2
8394,2,0,2
8395,2,0,2
8396,2,0,2
8397,2,0,2
8398,2,0,2
8399,2,0,2
8400,2,0,2
8401,2,0,2
8402,2,0,2
8403,2,0,2
8404,3,0,3
8405,3,0,3
8406,3,0,3
8407,3,0,3
8408,3,0,3
8409,4,0,4
8410,4,0,4
8411,4,0,4
8412,4,0,4
8413,4,0,4
8414,4,0,4
8415,4,0,4
8416,4,0,4
8417,4,0,4
8418,4,0,4
8419,4,0,4
8420,4,0,4
8421,5,0,5
8422,5,0,5
8423,5,0,5
8424,5,0,5
8425,5,0,5
8426,5,0,5
8427,5,0,5
8428,5,0,5
8429,5,0,5
8430,5,0,5
8431,5,0,5
8432,5,0,5
8433,5,0,5
8434,5,0,5
8435,5,0,5
8436,5,0,5
8437,5,0,5
8438,5,0,5
8439,5,0,5
8440,5,0,5
8441,5,0,5
8442,5,0,5
8443,5,0,5
8444,5,0,5
8445,5,0,5
8446,5,0,5
8447,5,0,5
8448,5,0,5
8449,5,0,5
8450,5,0,5
8451,5,0,5
8452,5,0,5
8453,5,0,5
8454,5,0,5
8455,5,0,5
8456,5,0,5
8457,5,0,5
8458,5,0,5
8459,5,0,5
8460,5,0,5
8461,5,0,5
8462,5,0,5
8463,5,0,5
8464,4,0,4
8465,4,0,4
8466,4,0,4
8467,4,0,4
8468,4,0,4
8469,4,0,4
8470,4,0,4
8471,4,0,4
8472,4,0,4
8473,4,0,4
8474,4,0,4
8475,4,0,4
8476,4,0,4
8477,4,0,4
8478,4,0,4
8479,4,0,4
8480,3,0,3
8481,3,0,3
8482,2,0,2
8483,2,0,2
8484,2,0,2
8485,2,0,2
8486,2,0,2
8487,2,0,2
8488,2,0,2
8489,2,0,2
8490,2,0,2
8491,2,0,2
8492,2,0,2
8493,2,0,2
8494,2,0,2
8495,2,0,2
8496,2,0,2
8497,2,0,2
8498,2,0,2
8499,2,0,2
8500,2,0,2
8501,2,0,2
8502,2,0,2
8503,2,0,2
8504,2,0,2
8505,2,0,2
8506,2,0,2
8507,2,0,2
8508,2,0,2
8509,2,0,2
8510,2,0,2
8511,2,0,2
8512,2,0,2
8513,2,0,2
8514,2,0,2
8515,2,0,2
8516,2,0,2
8517,2,0,2
8518,2,0,2
8519,2,0,2
8520,2,0,2
8521,2,0,2
8522,2,0,2
8523,2,0,2
8524,2,0,2
8525,2,0,2
8526,2,0,2
8527,2,0,2
8528,2,0,2
8529,2,0,2
8530,2,0,2
8531,2,0,2
8532,2,0,2
8533,2,0,2
8534,2,0,2
8535,2,0,2
8536,2,0,2
8537,2,0,2
8538,2,0,2
8539,2,0,2
8540,2,0,2
8541,2,0,2
8542,2,0,2
8543,3,0,3
8544,3,0,3
8545,3,0,3
8546,3,0,3
8547,3,0,3
8548,3,0,3
8549,3,0,3
8550,3,0,3
8551,3,0,3
8552,3,0,3
8553,3,0,3
8554,3,0,3
8555,3,0,3
8556,3,0,3
8557,3,0,3
8558,3,0,3
8559,3,0,3
8560,3,0,3
8561,3,0,3
8562,3,0,3
8563,3,0,3
8564,3,0,3
8565,3,0,3
8566,3,0,3
8567,3,0,3
8568,3,0,3
8569,2,0,2
8570,2,0,2
8571,2,0,2
8572,2,0,2
8573,2,0,2
8574,2,0,2
8575,2,0,2
8576,2,0,2
8577,2,0,2
8578,2,0,2
8579,2,0,2
8580,2,0,2
8581,2,0,2
8582,2,0,2
8583,2,0,2
8584,2,0,2
8585,2,0,2
8586,2,0,2
8587,2,0,2
8588,2,0,2
8589,2,0,2
8590,2,0,2
8591,2,0,2
8592,2,0,2
8593,2,0,2
8594,2,0,2
8595,2,0,2
8596,2,0,2
8597,3,0,3
8598,3,0,3
8599,3,0,3
8600,3,0,3
8601,3,0,3
8602,4,0,4
8603,4,0,4
8604,4,0,4
8605,4,0,4
8606,4,0,4
8607,4,0,4
8608,4,0,4
8609,4,0,4
8610,4,0,4
8611,4,0,4
8612,4,0,4
8613,4,0,4
8614,4,0,4
8615,4,0,4
8616,4,0,4
8617,4,0,4
8618,4,0,4
8619,4,0,4
8620,4,0,4
8621,4,0,4
8622,3,0,3
8623,3,0,3
8624,3,0,3
8625,3,0,3
8626,3,0,3
8627,3,0,3
8628,3,0,3
8629,3,0,3
8630,3,0,3
8631,3,0,3
8632,3,0,3
8633,3,0,3
8634,3,0,3
8635,3,0,3
8636,3,0,3
8637,3,0,3
8638,3,0,3
8639,3,0,3
8640,3,0,3
8641,3,0,3
8642,3,0,3
8643,3,0,3
8644,3,0,3
8645,3,0,3
8646,3,0,3
8647,4,0,4
8648,4,0,4
8649,4,0,4
8650,4,0,4
8651,4,0,4
8652,4,0,4
8653,4,0,4
8654,4,0,4
8655,4,0,4
8656,4,0,4
8657,4,0,4
8658,4,0,4
8659,4,0,4
8660,4,0,4
8661,4,0,4
8662,4,0,4
8663,4,0,4
8664,4,0,4
8665,4,0,4
8666,4,0,4
8667,4,0,4
8668,4,0,4
8669,3,0,3
8670,3,0,3
8671,3,0,3
8672,3,0,3
8673,3,0,3
8674,3,0,3
8675,3,0,3
8676,3,0,3
8677,3,0,3
8678,3,0,3
8679,3,0,3
8680,3,0,3
8681,3,0,3
8682,3,0,3
8683,3,0,3
8684,3,0,3
8685,3,0,3
8686,3,0,3
8687,3,0,3
8688,3,0,3
8689,3,0,3
8690,3,0,3
8691,3,0,3
8692,3,0,3
8693,3,0,3
8694,3,0,3
8695,3,0,3
8696,3,0,3
8697,3,0,3
8698,3,0,3
8699,3,0,3
8700,3,0,3
8701,3,0,3
8702,3,0,3
8703,3,0,3
8704,3,0,3
8705,3,0,3
8706,3,0,3
8707,3,0,3
8708,3,0,3
8709,3,0,3
8710,3,0,3
8711,3,0,3
8712,3,0,3
8713,3,0,3
8714,3,0,3
8715,3,0,3
8716,3,0,3
8717,3,0,3
8718,3,0,3
8719,3,0,3
8720,3,0,3
8721,3,0,3
8722,3,0,3
8723,3,0,3
8724,3,0,3
8725,3,0,3
8726,3,0,3
8727,3,0,3
8728,3,0,3
8729,3,0,3
8730,3,0,3
8731,3,0,3
8732,3,0,3
8733,3,0,3
8734,3,0,3
8735,3,0,3
8736,3,0,3
8737,3,0,3
8738,3,0,3
8739,3,0,3
8740,3,0,3
8741,3,0,3
8742,3,0,3
8743,3,0,3
8744,3,0,3
8745,3,0,3
8746,3,0,3
8747,3,0,3
8748,3,0,3
8749,3,0,3
8750,2,0,2
8751,2,0,2
8752,2,0,2
8753,2,0,2
8754,2,0,2
8755,2,0,2
8756,2,0,2
8757,2,0,2
8758,2,0,2
8759,2,0,2
8760,2,0,2
8761,2,0,2
8762,2,0,2
8763,2,0,2
8764,2,0,2
8765,2,0,2
8766,2,0,2
8767,2,0,2
8768,2,0,2
8769,2,0,2
8770,2,0,2
8771,2,0,2
8772,2,0,2
8773,2,0,2
8774,2,0,2
8775,2,0,2
8776,2,0,2
8777,2,0,2
8778,1,0,1
8779,1,0,1
8780,1,0,1
8781,1,0,1
8782,1,0,1
8783,1,0,1
8784,1,0,1
8785,1,0,1
8786,1,0,1
8787,1,0,1
8788,1,0,1
8789,1,0,1
8790,1,0,1
8791,1,0,1
8792,1,0,1
8793,1,0,1
8794,1,0,1
8795,1,0,1
8796,1,0,1
8797,1,0,1
8798,1,0,1
8799,1,0,1
8800,1,0,1
8801,1,0,1
8802,1,0,1
8803,1,0,1
8804,1,0,1
8805,1,0,1
8806,1,0,1
8807,1,0,1
8808,1,0,1
8809,1,0,1
8810,1,0,1
8811,1,0,1
8812,1,0,1
8813,1,0,1
8814,1,0,1
8815,1,0,1
8816,1,0,1
8817,1,0,1
8818,1,0,1
8819,1,0,1
8820,1,0,1
8821,1,0,1
8822,1,0,1
8823,1,0,1
8824,1,0,1
8825,1,0,1
8826,1,0,1
8827,1,0,1
8828,1,0,1
8829,1,0,1
8830,1,0,1
8831,1,0,1
8832,1,0,1
8833,1,0,1
8834,1,0,1
8835,1,0,1
8836,1,0,1
8837,1,0,1
8838,1,0,1
8839,2,0,2
8840,2,0,2
8841,2,0,2
8842,2,0,2
8843,2,0,2
8844,2,0,2
8845,2,0,2
8846,2,0,2
8847,2,0,2
8848,2,0,2
8849,2,0,2
8850,2,0,2
8851,2,0,2
8852,2,0,2
8853,2,0,2
8854,2,0,2
8855,2,0,2
8856,2,0,2
8857,2,0,2
8858,3,0,3
8859,3,0,3
8860,3,0,3
8861,3,0,3
8862,3,0,3
8863,3,0,3
8864,3,0,3
8865,3,0,3
8866,3,0,3
8867,3,0,3
8868,3,0,3
8869,3,0,3
8870,3,0,3
8871,3,0,3
8872,3,0,3
8873,3,0,3
8874,3,0,3
8875,3,0,3
8876,3,0,3
8877,3,0,3
8878,3,0,3
8879,3,0,3
8880,3,0,3
8881,3,0,3
8882,3,0,3
8883,3,0,3
8884,3,0,3
8885,4,0,4
8886,4,0,4
8887,4,0,4
8888,4,0,4
8889,4,0,4
8890,4,0,4
8891,4,0,4
8892,4,0,4
8893,4,0,4
8894,3,0,3
8895,3,0,3
8896,3,0,3
8897,3,0,3
8898,3,0,3
8899,3,0,3
8900,3,0,3
8901,3,0,3
8902,3,0,3
8903,3,0,3
8904,3,0,3
8905,3,0,3
8906,3,0,3
8907,3,0,3
8908,3,0,3
8909,3,0,3
8910,3,0,3
8911,3,0,3
8912,3,0,3
8913,3,0,3
8914,3,0,3
8915,3,0,3
8916,3,0,3
8917,4,0,4
8918,4,0,4
8919,4,0,4
8920,4,0,4
8921,4,0,4
8922,4,0,4
8923,4,0,4
8924,4,0,4
8925,4,0,4
8926,4,0,4
8927,4,0,4
8928,4,0,4
8929,4,0,4
8930,4,0,4
8931,4,0,4
8932,4,0,4
8933,4,0,4
8934,4,0,4
8935,4,0,4
8936,4,0,4
8937,4,0,4
8938,4,0,4
8939,4,0,4
8940,3,0,3
8941,3,0,3
8942,3,0,3
8943,3,0,3
8944,3,0,3
8945,3,0,3
8946,3,0,3
8947,3,0,3
8948,3,0,3
8949,3,0,3
8950,3,0,3
8951,3,0,3
8952,3,0,3
8953,3,0,3
8954,3,0,3
8955,3,0,3
8956,3,0,3
8957,3,0,3
8958,3,0,3
8959,3,0,3
8960,3,0,3
8961,3,0,3
8962,3,0,3
8963,3,0,3
8964,3,0,3
8965,3,0,3
8966,3,0,3
8967,3,0,3
8968,3,0,3
8969,3,0,3
8970,3,0,3
8971,3,0,3
8972,3,0,3
8973,3,0,3
8974,3,0,3
8975,3,0,3
8976,3,0,3
8977,3,0,3
8978,3,0,3
8979,3,0,3
8980,3,0,3
8981,3,0,3
8982,3,0,3
8983,3,0,3
8984,3,0,3
8985,3,0,3
8986,3,0,3
8987,3,0,3
8988,3,0,3
8989,3,0,3
8990,3,0,3
8991,3,0,3
8992,3,0,3
8993,3,0,3
8994,3,0,3
8995,3,0,3
8996,3,0,3
8997,3,0,3
8998,3,0,3
8999,3,0,3
9000,3,0,3
9001,3,0,3
9002,3,0,3
9003,3,0,3
9004,3,0,3
9005,3,0,3
9006,3,0,3
9007,3,0,3
9008,3,0,3
9009,3,0,3
9010,3,0,3
9011,3,0,3
9012,3,0,3
9013,3,0,3
9014,3,0,3
9015,3,0,3
9016,3,0,3
9017,3,0,3
9018,3,0,3
9019,3,0,3
9020,3,0,3
9021,3,0,3
9022,3,0,3
9023,3,0,3
9024,3,0,3
9025,3,0,3
9026,3,0,3
9027,3,0,3
9028,3,0,3
9029,3,0,3
9030,3,0,3
9031,3,0,3
9032,3,0,3
9033,3,0,3
9034,3,0,3
9035,3,0,3
9036,3,0,3
9037,3,0,3
9038,3,0,3
9039,3,0,3
9040,3,0,3
9041,3,0,3
9042,3,0,3
9043,3,0,3
9044,3,0,3
9045,3,0,3
9046,3,0,3
9047,3,0,3
9048,3,0,3
9049,3,0,3
9050,3,0,3
9051,3,0,3
9052,3,0,3
9053,3,0,3
9054,3,0,3
9055,3,0,3
9056,3,0,3
9057,3,0,3
9058,3,0,3
9059,3,0,3
9060,3,0,3
9061,3,0,3
9062,3,0,3
9063,3,0,3
9064,3,0,3
9065,3,0,3
9066,3,0,3
9067,3,0,3
9068,3,0,3
9069,3,0,3
9070,3,0,3
9071,3,0,3
9072,3,0,3
9073,3,0,3
9074,3,0,3
9075,3,0,3
9076,3,0,3
9077,3,0,3
9078,3,0,3
9079,3,0,3
9080,3,0,3
9081,3,0,3
9082,3,0,3
9083,3,0,3
9084,3,0,3
9085,3,0,3
9086,3,0,3
9087,3,0,3
9088,3,0,3
9089,3,0,3
9090,3,0,3
9091,3,0,3
9092,3,0,3
9093,3,0,3
9094,3,0,3
9095,3,0,3
9096,3,0,3
9097,3,0,3
9098,3,0,3
9099,3,0,3
9100,3,0,3
9101,3,0,3
9102,3,0,3
9103,3,0,3
9104,3,0,3
9105,3,0,3
9106,3,0,3
9107,3,0,3
9108,3,0,3
9109,3,0,3
9110,3,0,3
9111,3,0,3
9112,3,0,3
9113,3,0,3
9114,2,0,2
9115,2,0,2
9116,2,0,2
9117,2,0,2
9118,2,0,2
9119,2,0,2
9120,2,0,2
9121,2,0,2
9122,2,0,2
9123,2,0,2
9124,2,0,2
9125,2,0,2
9126,2,0,2
9127,2,0,2
9128,2,0,2
9129,2,0,2
9130,2,0,2
9131,2,0,2
9132,2,0,2
9133,2,0,2
9134,2,0,2
9135,2,0,2
9136,2,0,2
9137,2,0,2
9138,2,0,2
9139,2,0,2
9140,2,0,2
9141,2,0,2
9142,2,0,2
9143,2,0,2
9144,2,0,2
9145,2,0,2
9146,2,0,2
9147,2,0,2
9148,2,0,2
9149,2,0,2
9150,2,0,2
9151,2,0,2
9152,2,0,2
9153,2,0,2
9154,2,0,2
9155,2,0,2
9156,2,0,2
9157,2,0,2
9158,2,0,2
9159,2,0,2
9160,2,0,2
9161,2,0,2
9162,2,0,2
9163,3,0,3
9164,3,0,3
9165,3,0,3
9166,4,0,4
9167,4,0,4
9168,4,0,4
9169,4,0,4
9170,4,0,4
9171,5,0,5
9172,5,0,5
9173,5,0,5
9174,4,0,4
9175,4,0,4
9176,4,0,4
9177,4,0,4
9178,4,0,4
9179,4,0,4
9180,4,0,4
9181,4,0,4
9182,4,0,4
9183,4,0,4
9184,4,0,4
9185,4,0,4
9186,4,0,4
9187,4,0,4
9188,4,0,4
9189,4,0,4
9190,4,0,4
9191,4,0,4
9192,4,0,4
9193,4,0,4
9194,4,0,4
9195,4,0,4
9196,4,0,4
9197,4,0,4
9198,4,0,4
9199,4,0,4
9200,4,0,4
9201,4,0,4
9202,5,0,5
9203,5,0,5
9204,5,0,5
9205,5,0,5
9206,5,0,5
9207,5,0,5
9208,5,0,5
9209,5,0,5
9210,5,0,5
9211,5,0,5
9212,5,0,5
9213,5,0,5
9214,5,0,5
9215,5,0,5
9216,5,0,5
9217,5,0,5
9218,5,0,5
9219,5,0,5
9220,5,0,5
9221,5,0,5
9222,5,0,5
9223,5,0,5
9224,5,0,5
9225,5,0,5
9226,5,0,5
9227,5,0,5
9228,5,0,5
9229,5,0,5
9230,5,0,5
9231,5,0,5
9232,5,0,5
9233,5,0,5
9234,5,0,5
9235,5,0,5
9236,5,0,5
9237,5,0,5
9238,5,0,5
9239,4,0,4
9240,4,0,4
9241,4,0,4
9242,4,0,4
9243,4,0,4
9244,5,0,5
9245,5,0,5
9246,5,0,5
9247,5,0,5
9248,5,0,5
9249,5,0,5
9250,5,0,5
9251,5,0,5
9252,5,0,5
9253,4,0,4
9254,4,0,4
9255,4,0,4
9256,3,0,3
9257,3,0,3
9258,3,0,3
9259,3,0,3
9260,3,0,3
9261,3,0,3
9262,3,0,3
9263,4,0,4
9264,4,0,4
9265,4,0,4
9266,4,0,4
9267,4,0,4
9268,4,0,4
9269,4,0,4
9270,4,0,4
9271,4,0,4
9272,4,0,4
9273,4,0,4
9274,4,0,4
9275,4,0,4
9276,4,0,4
9277,4,0,4
9278,4,0,4
9279,4,0,4
9280,4,0,4
9281,4,0,4
9282,4,0,4
9283,4,0,4
9284,4,0,4
9285,4,0,4
9286,4,0,4
9287,4,0,4
9288,4,0,4
9289,4,0,4
9290,4,0,4
9291,4,0,4
9292,4,0,4
9293,4,0,4
9294,4,0,4
9295,4,0,4
9296,4,0,4
9297,4,0,4
9298,4,0,4
9299,4,0,4
9300,4,0,4
9301,4,0,4
9302,4,0,4
9303,4,0,4
9304,4,0,4
9305,4,0,4
9306,4,0,4
9307,5,0,5
9308,5,0,5
9309,5,0,5
9310,5,0,5
9311,5,0,5
9312,6,0,6
9313,6,0,6
9314,6,0,6
9315,6,0,6
9316,6,0,6
9317,6,0,6
9318,6,0,6
9319,6,0,6
9320,5,0,5
9321,5,0,5
9322,4,0,4
9323,4,0,4
9324,4,0,4
9325,4,0,4
9326,4,0,4
9327,4,0,4
9328,4,0,4
9329,4,0,4
9330,4,0,4
9331,4,0,4
9332,4,0,4
9333,4,0,4
9334,4,0,4
9335,4,0,4
9336,4,0,4
9337,4,0,4
9338,4,0,4
9339,4,0,4
9340,4,0,4
9341,4,0,4
9342,4,0,4
9343,4,0,4
9344,4,0,4
9345,4,0,4
9346,4,0,4
9347,4,0,4
9348,4,0,4
9349,4,0,4
9350,4,0,4
9351,4,0,4
9352,4,0,4
9353,4,0,4
9354,4,0,4
9355,4,0,4
9356,4,0,4
9357,4,0,4
9358,4,0,4
9359,4,0,4
9360,4,0,4
9361,4,0,4
9362,4,0,4
9363,4,0,4
9364,4,0,4
9365,4,0,4
9366,4,0,4
9367,4,0,4
9368,4,0,4
9369,4,0,4
9370,4,0,4
9371,4,0,4
9372,4,0,4
9373,4,0,4
9374,4,0,4
9375,4,0,4
9376,4,0,4
9377,4,0,4
9378,4,0,4
9379,4,0,4
9380,4,0,4
9381,4,0,4
9382,4,0,4
9383,4,0,4
9384,4,0,4
9385,4,0,4
9386,4,0,4
9387,4,0,4
9388,5,0,5
9389,5,0,5
9390,5,0,5
9391,6,0,6
9392,6,0,6
9393,6,0,6
9394,6,0,6
9395,6,0,6
9396,7,0,7
9397,7,0,7
9398,7,0,7
9399,7,0,7
9400,6,0,6
9401,5,0,5
9402,5,0,5
9403,5,0,5
9404,5,0,5
9405,5,0,5
9406,5,0,5
9407,5,0,5
9408,5,0,5
9409,5,0,5
9410,5,0,5
9411,5,0,5
9412,5,0,5
9413,6,0,6
9414,6,0,6
9415,6,0,6
9416,6,0,6
9417,6,0,6
9418,6,0,6
9419,6,0,6
9420,6,0,6
9421,6,0,6
9422,6,0,6
9423,6,0,6
9424,6,0,6
9425,6,0,6
9426,6,0,6
9427,6,0,6
9428,6,0,6
9429,6,0,6
9430,6,0,6
9431,6,0,6
9432,6,0,6
9433,6,0,6
9434,7,0,7
9435,7,0,7
9436,7,0,7
9437,7,0,7
9438,7,0,7
9439,7,0,7
9440,7,0,7
9441,7,0,7
9442,7,0,7
9443,7,0,7
9444,7,0,7
9445,7,0,7
9446,7,0,7
9447,7,0,7
9448,7,0,7
9449,7,0,7
9450,7,0,7
9451,7,0,7
9452,7,0,7
9453,7,0,7
9454,7,0,7
9455,7,0,7
9456,7,0,7
9457,8,0,8
9458,8,0,8
9459,8,0,8
9460,8,0,8
9461,7,0,7
9462,7,0,7
9463,7,0,7
9464,6,0,6
9465,6,0,6
9466,6,0,6
9467,6,0,6
9468,6,0,6
9469,6,0,6
9470,5,0,5
9471,5,0,5
9472,5,0,5
9473,5,0,5
9474,5,0,5
9475,5,0,5
9476,5,0,5
9477,5,0,5
9478,5,0,5
9479,5,0,5
9480,5,0,5
9481,5,0,5
9482,5,0,5
9483,5,0,5
9484,5,0,5
9485,5,0,5
9486,5,0,5
9487,5,0,5
9488,5,0,5
9489,5,0,5
9490,5,0,5
9491,6,0,6
9492,6,0,6
9493,6,0,6
9494,6,0,6
9495,6,0,6
9496,6,0,6
9497,7,0,7
9498,7,0,7
9499,7,0,7
9500,7,0,7
9501,7,0,7
9502,7,0,7
9503,7,0,7
9504,7,0,7
9505,7,0,7
9506,7,0,7
9507,7,0,7
9508,6,0,6
9509,6,0,6
9510,6,0,6
9511,6,0,6
9512,6,0,6
9513,6,0,6
9514,5,0,5
9515,5,0,5
9516,5,0,5
9517,5,0,5
9518,5,0,5
9519,5,0,5
9520,5,0,5
9521,5,0,5
9522,5,0,5
9523,5,0,5
9524,5,0,5
9525,5,0,5
9526,5,0,5
9527,5,0,5
9528,5,0,5
9529,5,0,5
9530,5,0,5
9531,5,0,5
9532,5,0,5
9533,5,0,5
9534,5,0,5
9535,5,0,5
9536,5,0,5
9537,5,0,5
9538,5,0,5
9539,5,0,5
9540,5,0,5
9541,5,0,5
9542,5,0,5
9543,5,0,5
9544,5,0,5
9545,5,0,5
9546,5,0,5
9547,5,0,5
9548,5,0,5
9549,5,0,5
9550,5,0,5
9551,5,0,5
9552,5,0,5
9553,5,0,5
9554,5,0,5
9555,5,0,5
9556,5,0,5
9557,5,0,5
9558,5,0,5
9559,5,0,5
9560,5,0,5
9561,5,0,5
9562,5,0,5
9563,5,0,5
9564,5,0,5
9565,5,0,5
9566,5,0,5
9567,6,0,6
9568,6,0,6
9569,6,0,6
9570,6,0,6
9571,6,0,6
9572,6,0,6
9573,6,0,6
9574,6,0,6
9575,6,0,6
9576,6,0,6
9577,6,0,6
9578,6,0,6
9579,7,0,7
9580,7,0,7
9581,7,0,7
9582,7,0,7
9583,7,0,7
9584,7,0,7
9585,7,0,7
9586,7,0,7
9587,7,0,7
9588,7,0,7
9589,7,0,7
9590,7,0,7
9591,7,0,7
9592,7,0,7
9593,7,0,7
9594,7,0,7
9595,7,0,7
9596,7,0,7
9597,7,0,7
9598,7,0,7
9599,7,0,7
9600,7,0,7
9601,7,0,7
9602,7,0,7
9603,7,0,7
9604,7,0,7
9605,7,0,7
9606,7,0,7
9607,7,0,7
9608,7,0,7
9609,7,0,7
9610,7,0,7
9611,7,0,7
9612,7,0,7
9613,7,0,7
9614,7,0,7
9615,7,0,7
9616,8,0,8
9617,8,0,8
9618,8,0,8
9619,8,0,8
9620,8,0,8
9621,8,0,8
9622,8,0,8
9623,8,0,8
9624,8,0,8
9625,8,0,8
9626,8,0,8
9627,8,0,8
9628,8,0,8
9629,8,0,8
9630,8,0,8
9631,7,0,7
9632,7,0,7
9633,7,0,7
9634,7,0,7
9635,6,0,6
9636,6,0,6
9637,6,0,6
9638,6,0,6
9639,6,0,6
9640,6,0,6
9641,6,0,6
9642,6,0,6
9643,6,0,6
9644,6,0,6
9645,6,0,6
9646,6,0,6
9647,6,0,6
9648,6,0,6
9649,6,0,6
9650,6,0,6
9651,6,0,6
9652,6,0,6
9653,6,0,6
9654,6,0,6
9655,6,0,6
9656,6,0,6
9657,6,0,6
9658,6,0,6
9659,6,0,6
9660,6,0,6
9661,6,0,6
9662,6,0,6
9663,6,0,6
9664,6,0,6
9665,6,0,6
9666,6,0,6
9667,6,0,6
9668,6,0,6
9669,6,0,6
9670,6,0,6
9671,6,0,6
9672,6,0,6
9673,6,0,6
9674,6,0,6
9675,6,0,6
9676,6,0,6
9677,5,0,5
9678,5,0,5
9679,5,0,5
9680,5,0,5
9681,5,0,5
9682,5,0,5
9683,5,0,5
9684,5,0,5
9685,5,0,5
9686,5,0,5
9687,5,0,5
9688,5,0,5
9689,5,0,5
9690,5,0,5
9691,5,0,5
9692,5,0,5
9693,5,0,5
9694,5,0,5
9695,5,0,5
9696,5,0,5
9697,5,0,5
9698,5,0,5
9699,5,0,5
9700,5,0,5
9701,5,0,5
9702,5,0,5
9703,5,0,5
9704,5,0,5
9705,5,0,5
9706,5,0,5
9707,5,0,5
9708,5,0,5
9709,5,0,5
9710,5,0,5
9711,4,0,4
9712,4,0,4
9713,4,0,4
9714,4,0,4
9715,4,0,4
9716,4,0,4
9717,4,0,4
9718,4,0,4
9719,4,0,4
9720,4,0,4
9721,4,0,4
9722,4,0,4
9723,4,0,4
9724,4,0,4
9725,4,0,4
9726,4,0,4
9727,4,0,4
9728,4,0,4
9729,4,0,4
9730,4,0,4
9731,4,0,4
9732,4,0,4
9733,4,0,4
9734,4,0,4
9735,4,0,4
9736,4,0,4
9737,4,0,4
9738,4,0,4
9739,4,0,4
9740,4,0,4
9741,4,0,4
9742,4,0,4
9743,4,0,4
9744,4,0,4
9745,4,0,4
9746,4,0,4
9747,4,0,4
9748,4,0,4
9749,4,0,4
9750,4,0,4
9751,4,0,4
9752,4,0,4
9753,4,0,4
9754,4,0,4
9755,4,0,4
9756,4,0,4
9757,4,0,4
9758,4,0,4
9759,4,0,4
9760,4,0,4
9761,4,0,4
9762,4,0,4
9763,4,0,4
9764,4,0,4
9765,4,0,4
9766,4,0,4
9767,4,0,4
9768,4,0,4
9769,4,0,4
9770,4,0,4
9771,4,0,4
9772,4,0,4
9773,4,0,4
9774,4,0,4
9775,4,0,4
9776,4,0,4
9777,4,0,4
9778,4,0,4
9779,4,0,4
9780,4,0,4
9781,4,0,4
9782,4,0,4
9783,4,0,4
9784,4,0,4
9785,4,0,4
9786,4,0,4
9787,3,0,3
9788,3,0,3
9789,3,0,3
9790,3,0,3
9791,3,0,3
9792,3,0,3
9793,3,0,3
9794,3,0,3
9795,3,0,3
9796,3,0,3
9797,3,0,3
9798,3,0,3
9799,3,0,3
9800,3,0,3
9801,3,0,3
9802,3,0,3
9803,3,0,3
9804,3,0,3
9805,3,0,3
9806,3,0,3
9807,3,0,3
9808,4,0,4
9809,4,0,4
9810,4,0,4
9811,4,0,4
9812,4,0,4
9813,5,0,5
9814,5,0,5
9815,5,0,5
9816,5,0,5
9817,5,0,5
9818,5,0,5
9819,5,0,5
9820,5,0,5
9821,5,0,5
9822,5,0,5
9823,5,0,5
9824,5,0,5
9825,5,0,5
9826,5,0,5
9827,5,0,5
9828,5,0,5
9829,5,0,5
9830,4,0,4
9831,4,0,4
9832,4,0,4
9833,4,0,4
9834,4,0,4
9835,4,0,4
9836,4,0,4
9837,4,0,4
9838,4,0,4
9839,4,0,4
9840,4,0,4
9841,4,0,4
9842,4,0,4
9843,4,0,4
9844,4,0,4
9845,4,0,4
9846,4,0,4
9847,4,0,4
9848,4,0,4
9849,3,0,3
9850,3,0,3
9851,3,0,3
9852,3,0,3
9853,3,0,3
9854,3,0,3
9855,3,0,3
9856,3,0,3
9857,3,0,3
9858,3,0,3
9859,3,0,3
9860,3,0,3
9861,3,0,3
9862,3,0,3
9863,3,0,3
9864,3,0,3
9865,3,0,3
9866,3,0,3
9867,3,0,3
9868,3,0,3
9869,3,0,3
9870,3,0,3
9871,3,0,3
9872,3,0,3
9873,3,0,3
9874,3,0,3
9875,3,0,3
9876,3,0,3
9877,3,0,3
9878,2,0,2
9879,2,0,2
9880,2,0,2
9881,2,0,2
9882,3,0,3
9883,3,0,3
9884,3,0,3
9885,2,0,2
9886,2,0,2
9887,2,0,2
9888,2,0,2
9889,2,0,2
9890,2,0,2
9891,2,0,2
9892,2,0,2
9893,2,0,2
9894,2,0,2
9895,2,0,2
9896,2,0,2
9897,2,0,2
9898,2,0,2
9899,2,0,2
9900,2,0,2
9901,2,0,2
9902,2,0,2
9903,2,0,2
9904,2,0,2
9905,2,0,2
9906,2,0,2
9907,2,0,2
9908,2,0,2
9909,2,0,2
9910,2,0,2
9911,2,0,2
9912,2,0,2
9913,2,0,2
9914,2,0,2
9915,2,0,2
9916,2,0,2
9917,2,0,2
9918,2,0,2
9919,2,0,2
9920,2,0,2
9921,2,0,2
9922,2,0,2
9923,2,0,2
9924,2,0,2
9925,2,0,2
9926,2,0,2
9927,2,0,2
9928,2,0,2
9929,2,0,2
9930,2,0,2
9931,2,0,2
9932,2,0,2
9933,2,0,2
9934,2,0,2
9935,3,0,3
9936,3,0,3
9937,3,0,3
9938,3,0,3
9939,3,0,3
9940,3,0,3
9941,3,0,3
9942,3,0,3
9943,3,0,3
9944,3,0,3
9945,3,0,3
9946,3,0,3
9947,3,0,3
9948,3,0,3
9949,3,0,3
9950,3,0,3
9951,3,0,3
9952,3,0,3
9953,3,0,3
9954,3,0,3
9955,3,0,3
9956,3,0,3
9957,3,0,3
9958,3,0,3
9959,3,0,3
9960,3,0,3
9961,3,0,3
9962,3,0,3
9963,3,0,3
9964,3,0,3
9965,3,0,3
9966,3,0,3
9967,3,0,3
9968,3,0,3
9969,3,0,3
9970,3,0,3
9971,3,0,3
9972,3,0,3
9973,3,0,3
9974,3,0,3
9975,3,0,3
9976,3,0,3
9977,3,0,3
9978,3,0,3
9979,3,0,3
9980,3,0,3
9981,3,0,3
9982,3,0,3
9983,3,0,3
9984,3,0,3
9985,3,0,3
9986,3,0,3
9987,3,0,3
9988,3,0,3
9989,3,0,3
9990,3,0,3
9991,3,0,3
9992,3,0,3
9993,3,0,3
9994,3,0,3
9995,3,0,3
9996,3,0,3
9997,3,0,3
9998,3,0,3
9999,3,0,3
10000,3,0,3
10001,3,0,3
10002,3,0,3
10003,3,0,3
10004,3,0,3
10005,3,0,3
10006,3,0,3
10007,3,0,3
10008,3,0,3
10009,3,0,3
10010,3,0,3
10011,3,0,3
10012,3,0,3
10013,3,0,3
10014,3,0,3
10015,3,0,3
10016,3,0,3
10017,3,0,3
10018,3,0,3
10019,3,0,3
10020,3,0,3
10021,3,0,3
10022,3,0,3
10023,3,0,3
10024,3,0,3
10025,3,0,3
10026,3,0,3
10027,3,0,3
10028,3,0,3
10029,4,0,4
10030,4,0,4
10031,4,0,4
10032,4,0,4
10033,4,0,4
10034,4,0,4
10035,4,0,4
10036,4,0,4
10037,4,0,4
10038,4,0,4
10039,4,0,4
10040,4,0,4
10041,4,0,4
10042,4,0,4
10043,4,0,4
10044,4,0,4
10045,4,0,4
10046,4,0,4
10047,4,0,4
10048,4,0,4
10049,4,0,4
10050,4,0,4
10051,4,0,4
10052,4,0,4
10053,4,0,4
10054,4,0,4
10055,4,0,4
10056,4,0,4
10057,4,0,4
10058,4,0,4
10059,4,0,4
10060,4,0,4
10061,4,0,4
10062,4,0,4
10063,4,0,4
10064,4,0,4
10065,4,0,4
10066,4,0,4
10067,4,0,4
10068,4,0,4
10069,4,0,4
10070,4,0,4
10071,4,0,4
10072,4,0,4
10073,4,0,4
10074,4,0,4
10075,4,0,4
10076,4,0,4
10077,4,0,4
10078,4,0,4
10079,4,0,4
10080,4,0,4
10081,4,0,4
10082,4,0,4
10083,4,0,4
10084,4,0,4
10085,4,0,4
10086,4,0,4
10087,4,0,4
10088,4,0,4
10089,4,0,4
10090,4,0,4
10091,4,0,4
10092,4,0,4
10093,4,0,4
10094,4,0,4
10095,4,0,4
10096,4,0,4
10097,4,0,4
10098,4,0,4
10099,4,0,4
10100,4,0,4
10101,4,0,4
10102,4,0,4
10103,3,0,3
10104,4,0,4
10105,4,0,4
10106,4,0,4
10107,4,0,4
10108,4,0,4
10109,4,0,4
10110,3,0,3
10111,3,0,3
10112,3,0,3
10113,3,0,3
10114,3,0,3
10115,3,0,3
10116,3,0,3
10117,3,0,3
10118,3,0,3
10119,3,0,3
10120,3,0,3
10121,2,0,2
10122,2,0,2
10123,2,0,2
10124,2,0,2
10125,2,0,2
10126,2,0,2
10127,2,0,2
10128,2,0,2
10129,3,0,3
10130,3,0,3
10131,3,0,3
10132,3,0,3
10133,3,0,3
10134,3,0,3
10135,3,0,3
10136,3,0,3
10137,3,0,3
10138,3,0,3
10139,3,0,3
10140,3,0,3
10141,3,0,3
10142,3,0,3
10143,3,0,3
10144,3,0,3
10145,3,0,3
10146,2,0,2
10147,2,0,2
10148,2,0,2
10149,2,0,2
10150,2,0,2
10151,2,0,2
10152,2,0,2
10153,2,0,2
10154,2,0,2
10155,2,0,2
10156,2,0,2
10157,2,0,2
10158,3,0,3
10159,3,0,3
10160,3,0,3
10161,3,0,3
10162,3,0,3
10163,3,0,3
10164,3,0,3
10165,3,0,3
10166,3,0,3
10167,3,0,3
10168,3,0,3
10169,3,0,3
10170,3,0,3
10171,3,0,3
10172,3,0,3
10173,3,0,3
10174,3,0,3
10175,3,0,3
10176,3,0,3
10177,4,0,4
10178,4,0,4
10179,4,0,4
10180,4,0,4
10181,4,0,4
10182,3,1,4
10183,3,1,4
10184,3,1,4
10185,3,1,4
10186,3,1,4
10187,3,1,4
10188,3,1,4
10189,3,1,4
10190,3,1,4
10191,3,1,4
10192,3,1,4
10193,3,1,4
10194,3,1,4
10195,3,1,4
10196,4,0,4
10197,4,0,4
10198,5,0,5
10199,5,0,5
10200,5,0,5
10201,5,0,5
10202,5,0,5
10203,5,0,5
10204,5,0,5
10205,5,0,5
10206,5,0,5
10207,5,0,5
10208,5,0,5
10209,5,0,5
10210,5,0,5
10211,5,0,5
10212,5,0,5
10213,5,0,5
10214,5,0,5
10215,5,0,5
10216,5,0,5
10217,5,0,5
10218,5,0,5
10219,5,0,5
10220,5,0,5
10221,5,0,5
10222,5,0,5
10223,5,0,5
10224,5,0,5
10225,5,0,5
10226,5,0,5
10227,5,0,5
10228,5,0,5
10229,5,0,5
10230,5,0,5
10231,5,0,5
10232,5,0,5
10233,5,0,5
10234,5,0,5
10235,5,0,5
10236,5,0,5
10237,5,0,5
10238,5,0,5
10239,5,0,5
10240,5,0,5
10241,5,0,5
10242,5,0,5
10243,5,0,5
10244,5,0,5
10245,5,0,5
10246,5,0,5
10247,5,0,5
10248,5,0,5
10249,5,0,5
10250,5,0,5
10251,5,0,5
10252,5,0,5
10253,5,0,5
10254,5,0,5
10255,5,0,5
10256,5,0,5
10257,5,0,5
10258,5,0,5
10259,5,0,5
10260,5,0,5
10261,5,0,5
10262,5,0,5
10263,5,0,5
10264,5,0,5
10265,5,0,5
10266,5,0,5
10267,6,0,6
10268,6,0,6
10269,6,0,6
10270,6,0,6
10271,6,0,6
10272,6,0,6
10273,6,0,6
10274,6,0,6
10275,6,0,6
10276,6,0,6
10277,6,0,6
10278,6,0,6
10279,6,0,6
10280,6,0,6
10281,6,0,6
10282,6,0,6
10283,5,0,5
10284,5,0,5
10285,5,0,5
10286,5,0,5
10287,5,0,5
10288,5,0,5
10289,5,0,5
10290,5,0,5
10291,5,0,5
10292,5,0,5
10293,5,0,5
10294,5,0,5
10295,5,0,5
10296,5,0,5
10297,5,0,5
10298,5,0,5
10299,5,0,5
10300,5,0,5
10301,5,0,5
10302,5,0,5
10303,5,0,5
10304,5,0,5
10305,5,0,5
10306,5,0,5
10307,5,0,5
10308,5,0,5
10309,5,0,5
10310,5,0,5
10311,5,0,5
10312,5,0,5
10313,5,0,5
10314,6,0,6
10315,6,0,6
10316,6,0,6
10317,7,0,7
10318,7,0,7
10319,7,0,7
10320,7,0,7
10321,7,0,7
10322,7,0,7
10323,7,0,7
10324,7,0,7
10325,7,0,7
10326,7,0,7
10327,8,0,8
10328,7,0,7
10329,7,0,7
10330,7,0,7
10331,7,0,7
10332,7,0,7
10333,7,0,7
10334,8,0,8
10335,8,0,8
10336,8,0,8
10337,8,0,8
10338,8,0,8
10339,8,0,8
10340,8,0,8
10341,8,0,8
10342,8,0,8
10343,9,0,9
10344,9,0,9
10345,8,0,8
10346,8,0,8
10347,8,0,8
10348,8,0,8
10349,8,0,8
10350,8,0,8
10351,8,0,8
10352,8,0,8
10353,8,0,8
10354,8,0,8
10355,8,0,8
10356,8,0,8
10357,8,0,8
10358,7,0,7
10359,7,0,7
10360,7,0,7
10361,7,0,7
10362,7,0,7
10363,7,0,7
10364,7,0,7
10365,7,0,7
10366,7,0,7
10367,7,0,7
10368,7,0,7
10369,7,0,7
10370,7,0,7
10371,7,0,7
10372,7,0,7
10373,7,0,7
10374,7,0,7
10375,7,0,7
10376,7,0,7
10377,7,0,7
10378,7,0,7
10379,7,0,7
10380,7,0,7
10381,7,0,7
10382,7,0,7
10383,7,0,7
10384,7,0,7
10385,7,0,7
10386,7,0,7
10387,7,0,7
10388,7,0,7
